437 402 402.0
436 402 402.0
436 402 402.0
439 401 401.7502333540082
437 402 401.8001991039825
438 402 401.83350615232007
440 402 401.8572952109812
442 401 401.7502333540082
445 401 401.6669432917443
448 402 401.7002613890113
450 402 401.72751959506087
453 401 401.6669432917443
456 402 401.69257284261937
458 403 401.7861015871149
460 402 401.8003650238926
463 402 401.81284511573296
466 402 401.8238566395802
468 403 401.8892882374448
470 402 401.89511593266013
473 402 401.9003607861033
474 403 401.9527927742854
475 403 402.00045228377996
476 402 402.00043261927834
477 402 402.0004145934844
479 403 402.04044572654624
479 403 402.0773940042275
479 403 402.1116023453448
480 403 402.1433646279467
480 403 402.172934153353
480 403 402.2005304156953
481 403 402.2263445599561
481 403 402.2505438156672
481 403 402.2732751237495
481 403 402.294668122758
481 403 402.31483762276105
484 403 402.33388566656373
481 403 402.3519032564082
481 403 402.36897180782245
480 403 402.3851643796283
480 403 402.4005467193105
480 403 402.4151781552929
481 403 402.42911236165617
480 403 402.4423980160766
479 403 402.45507936798475
479 403 402.4671967309192
480 404 402.5005806098972
479 403 402.51121300622754
479 404 402.5422855634755
479 404 402.57208759958223
480 403 402.5806503050041
480 403 402.58887704650834
481 403 402.5967872163451
481 404 402.6233081950011
480 403 402.6302871719267
478 403 402.6370122534237
473 403 402.6434970470599
463 403 402.6497542050703
447 403 402.6557955067484
429 402 402.64468922700553
410 402 402.6339528653787
392 402 402.6235682432389
375 401 402.5974336087937
361 401 402.5721270285829
352 400 402.53206394025307
346 400 402.4932297567252
345 400 402.4555687880152
346 401 402.43388258289866
350 400 402.39819684428187
356 400 402.3635424462001
365 400 402.3298753155532
373 401 402.31117519917444
383 400 402.27916647246076
392 401 402.26167112315653
402 401 402.2446478907541
409 401 402.2280779193152
417 401 402.2119433438309
423 401 402.19622722597137
428 402 402.1937120981407
432 401 402.17862395908145
435 402 402.17639164923645
439 402 402.17421444621743
441 402 402.17209033435233
443 401 402.1579890947973
445 402 402.1561086372874
446 402 402.15427241735154
446 402 402.152478892111
446 402 402.15072658961054
445 402 402.14901410478996
444 402 402.1473400957259
442 402 402.1457032801254
440 401 402.1331308721714
438 402 402.13168403440665
436 401 402.11953232785135
434 401 402.1076388126559
433 402 402.1065059225766
434 402 402.1053966312812
434 402 402.10431020900506
436 402 402.103245955766
437 402 402.1022031998604
442 401 402.0911961234665
442 402 402.09029329293196
443 402 402.08940816298895
445 402 402.0885402181431
448 402 402.0876889627244
451 402 402.0868539199436
454 402 402.0860346310016
457 402 402.08523065424873
459 402 402.084441564391
461 402 402.08366695174004
464 402 402.0829064215036
465 402 402.08215959311485
468 402 402.081426099597
470 403 402.0895642753179
472 402 402.08877871051345
473 402 402.0880068062107
474 403 402.095877655549
476 403 402.10361381031663
476 402 402.1027358393518
478 403 402.11028421599576
478 403 402.1177066481903
479 402 402.1167340071724
479 402 402.1157773087942
479 403 402.1229739505836
480 402 402.12198237559386
480 402 402.1210066634172
480 403 402.12799036490935
479 403 402.13486396841745
480 402 402.13381051896147
480 402 402.1327733993593
480 402 402.13175223282997
481 403 402.1383871787772
483 403 402.14492148824644
482 403 402.1513574336338
482 402 402.1502281115221
481 403 402.1565293192118
481 403 402.16273776552055
482 402 402.16155013720436
482 402 402.1603797174614
482 402 402.1592261349572
482 402 402.1580890289645
483 402 402.15696804898784
483 402 402.1558628544025
482 402 402.1547731141103
482 402 402.15369850620823
482 402 402.1526387176717
482 402 402.15159344405066
482 402 402.1505623891778
483 402 402.1495452648887
483 402 402.14854179075365
483 402 402.1475516938196
483 402 402.1465747083629
484 402 402.145610575651
483 402 402.1446590437148
479 402 402.14371986712837
469 402 402.1427928067984
455 401 402.1354775541351
437 401 402.12825535886157
417 401 402.12112445652144
398 401 402.114083126986
381 400 402.1009046246974
367 400 402.08788940659906
356 399 402.06890110348985
349 399 402.05014490534
348 399 402.03161658221273
347 399 402.01331200633524
350 399 401.9952271490327
355 399 401.9773580777724
363 399 401.9597009533122
372 399 401.94225202695105
381 400 401.9308544572137
390 400 401.9195898748234
399 400 401.90845596571387
408 400 401.8974504691982
416 400 401.8865711764378
422 400 401.8758159289651
429 401 401.8708450937485
433 401 401.8659303657136
438 401 401.8610708002445
440 401 401.85626547381173
443 401 401.8515134833871
445 401 401.8468139458779
447 401 401.8421659975797
448 401 401.8375687936471
448 401 401.83302150758226
448 401 401.8285233307389
447 401 401.82407347184335
445 401 401.81967115653043
442 401 401.81531562689395
439 400 401.8057323643436
438 401 401.8014958972442
437 401 401.79730374708754
437 401 401.7931552221035
438 400 401.7838848876849
440 400 401.77470991312185
441 401 401.7707408524521
445 400 401.76172626804254
445 401 401.75786328416757
448 400 401.74900451185016
450 401 401.74524416106055
453 401 401.74152137910767
456 401 401.7378356057765
459 401 401.73418629193554
461 401 401.73057289926345
464 401 401.72699489998496
466 401 401.72345177661344
469 402 401.72479470355285
470 401 401.721296423279
473 401 401.7178317502894
476 401 401.71440020261105
478 402 401.7157606827897
480 402 401.7171082628795
482 401 401.71372868165804
484 402 401.71507315509086
485 402 401.7164050589146
486 402 401.7177245685808
487 402 401.71903185629077
488 402 401.7203270910705
488 402 401.7216104388435
488 402 401.7228820625018
489 402 401.7241421219745
489 402 401.7253907742952
489 402 401.7266281736671
488 402 401.7278544715265
488 402 401.7290698166045
488 402 401.7302743549873
489 402 401.73146823017447
489 402 401.7326515831364
492 402 401.73382455236913
489 402 401.73498727394906
489 402 401.73613988158513
488 402 401.7372825066702
487 402 401.7384152783311
487 402 401.73953832347706
487 402 401.7406517668473
487 402 401.7417557310571
487 402 401.7428503366428
487 403 401.74816302988904
487 403 401.7534310092835
486 402 401.75446299395963
486 402 401.7554863761456
485 403 401.760658297968
486 402 401.76164760664165
485 402 401.762628770451
486 403 401.7677077411854
486 403 401.77274518751295
486 403 401.7777416166015
485 403 401.7826975273931
480 403 401.7876134107703
471 402 401.7884665934927
456 402 401.78931294896336
439 402 401.7901525588041
420 401 401.7870201036981
401 401 401.78391238695013
384 400 401.77690464032673
370 401 401.7738608895776
359 400 401.76694698232706
353 400 401.76008676220573
350 400 401.7532796063009
350 400 401.74652490129927
355 400 401.7398220433028
359 400 401.7331704376489
367 400 401.72656949873425
375 400 401.72001864984327
385 400 401.7135173229798
395 401 401.710827186977
405 401 401.7081572597482
415 401 401.7055073144275
423 401 401.7028771275323
432 401 401.70026647890006
438 402 401.70137701568353
443 401 401.69879115972975
448 402 401.699898958824
452 402 401.7009986391524
456 402 401.7020902896395
459 402 401.70317399791605
461 402 401.70424985034214
463 402 401.7053179320304
460 402 401.7063783268685
460 402 401.7074311175408
459 402 401.70847638555006
457 402 401.7095142112384
453 402 401.7105446738082
449 402 401.7115678513416
446 402 401.71258382082084
443 402 401.71359265814715
440 402 401.71459443816
438 402 401.71558923465534
437 401 401.71310675516787
436 402 401.7140998186143
437 401 401.7116395865452
438 401 401.709196248375
442 401 401.7067696306888
442 402 401.7077707809522
445 402 401.7087651181999
447 402 401.7097527117419
449 402 401.7107336299511
453 402 401.7117079402793
455 402 401.7126757092728
458 402 401.7136370025869
461 402 401.71459188500154
464 402 401.7155404204353
466 402 401.71648267195997
467 402 401.7174187018144
470 402 401.71834857141806
473 402 401.71927234138496
475 403 401.7234643757635
476 403 401.7276290571545
479 403 401.73176665240493
480 403 401.7358774249021
481 402 401.73672971238267
482 403 401.7407980405891
483 403 401.7448402489653
485 403 401.7488565882522
485 403 401.7528473059915
486 403 401.7568126465767
487 404 401.7639310952564
489 403 401.7678363455275
489 403 401.7717169968742
489 404 401.77872151948355
491 403 401.7825437970146
492 403 401.7863422237095
493 403 401.79011702211636
493 403 401.79386841202347
496 403 401.7975966105015
495 403 401.80130183194547
496 404 401.80806470116516
495 404 401.81478609448783
495 404 401.8214663923003
495 403 401.8250537985186
495 404 401.83166232700586
495 404 401.83823081710824
495 404 401.84475963159394
495 404 401.85124912886164
495 404 401.8576996630065
494 404 401.86411158388415
493 404 401.87048523717425
488 404 401.87682096444263
478 403 401.88014860920146
463 403 401.8834565945279
445 403 401.8867450941284
426 402 401.88707726661266
406 402 401.8874074962956
388 402 401.8877358001721
373 401 401.88515801477183
363 401 401.88259515666397
355 401 401.88004709656246
352 400 401.8746417301122
352 401 401.87213111898535
355 401 401.8696348797647
360 401 401.86715288939524
367 401 401.86468502622256
377 401 401.8622311699733
387 401 401.8597912017356
398 401 401.85736500393966
409 402 401.85776686376533
421 401 401.8553599705728
430 402 401.85576519742625
440 402 401.85616816003727
448 402 401.8565688773306
454 402 401.85696736802043
460 403 401.86013815395916
466 403 401.86329139693225
468 403 401.86642724212805
475 404 401.87230422249667
479 404 401.8781489149945
481 404 401.88396158497665
481 404 401.8897424948985
481 404 401.895491904355
479 403 401.89848925314044
475 403 401.9014703778675
468 403 401.90443540990725
463 403 401.90738447921643
458 403 401.91031771435615
453 403 401.91323524251055
448 403 401.91613718950543
446 403 401.9190236798262
446 402 401.9192384927064
446 403 401.9221014840757
448 403 401.9249493470786
450 403 401.92778220130936
453 403 401.93060016510486
451 403 401.93340335556127
447 403 401.9361918885502
450 403 401.9389658787347
458 403 401.9417254395849
464 403 401.9444706833935
469 404 401.94979567465145
476 403 401.9525059137078
477 403 401.95520220023957
473 403 401.95788464171346
469 404 401.9631206760537
477 404 401.9683299282496
485 404 401.973512603263
490 404 401.9786689039695
494 404 401.98379903118524
497 404 401.98890318369274
499 404 401.9939815582666
500 404 401.99903434969895
500 404 402.0040617508241
501 404 402.0090639525433
502 405 402.01655032245515
503 404 402.0214964179024
503 404 402.0264179065712
503 404 402.03131497163474
503 405 402.0386720542695
502 405 402.0459927614831
498 404 402.05080540007646
491 404 402.0555943901193
491 404 402.0603599054935
495 404 402.0651021183801
497 405 402.07226898786627
498 405 402.07940093990663
499 405 402.0864982290644
500 405 402.09356110743425
500 405 402.10058982467234
502 405 402.1075846280254
502 405 402.1145457623599
503 405 402.1214734701908
503 405 402.1283679917091
503 404 402.1328346040232
492 405 402.1396691936676
478 405 402.1464712765606
460 404 402.1508632153734
440 404 402.1552343898682
422 403 402.1572241563944
405 403 402.1592045715182
390 402 402.15883180071546
379 402 402.1584607714892
371 402 402.1580914716631
367 403 402.16005144313397
366 402 402.1596801678013
365 402 402.1593106109955
365 402 402.1589427608122
372 402 402.158576605457
384 402 402.1582121332435
396 402 402.1578493325929
408 402 402.1574881920322
419 402 402.15712870019297
429 403 402.15905068780177
433 403 402.1609639299803
435 403 402.16286848628334
442 403 402.1647644157262
453 403 402.1666517767907
461 404 402.1707903299226
469 404 402.174910240515
475 404 402.1790116342512
481 404 402.1830946356873
485 404 402.1871593682651
487 404 402.19120595432383
489 404 402.1952345151129
488 404 402.19924517080403
489 404 402.203238040503
484 404 402.20721324226145
479 404 402.2111708930887
474 404 402.2151111089632
469 404 402.21903400484354
459 404 402.22293969468
447 404 402.22682829142553
443 403 402.22851437681265
444 404 402.2323738943643
445 404 402.236216631013
446 404 402.24004269596526
448 404 402.2438521974817
450 404 402.24764524288804
453 403 402.2492647199519
457 404 402.25302982078335
459 404 402.25677876197085
462 404 402.2605116473269
466 404 402.26422857977656
468 404 402.2679296613671
471 405 402.27374989101645
473 404 402.2774150310551
477 404 402.28106464049176
479 404 402.2846988178317
482 405 402.29043449255727
484 404 402.2940336318677
485 405 402.29972555594657
486 405 402.30539358441735
486 405 402.31103786744296
488 404 402.31456390905527
489 405 402.32016553053313
491 405 402.32574383126115
490 405 402.33129895657237
492 405 402.33683105059464
491 405 402.3423402562631
493 405 402.34782671533276
493 405 402.35329056839026
495 405 402.3587319548662
497 405 402.36415101304675
499 406 402.3716045687932
499 405 402.3769751645417
500 405 402.38232385735523
501 405 402.38765078095304
502 406 402.39499598469445
502 405 402.4002756189188
503 405 402.40553389544414
503 406 402.4127984572223
503 405 402.41801030778964
503 406 402.42522052703464
503 406 402.4324017769941
503 406 402.4413150063598
498 406 402.448463781389
489 405 402.45738892434264
473 405 402.4624901776562
456 404 402.4674298177782
435 404 402.4705007823555
415 404 402.4774555231744
396 403 402.4785012891993
380 403 402.4834628599683
369 403 402.4844965958316
360 403 402.4894701071001
357 403 402.4904918131607
357 402 402.4894701071001
361 402 402.48849176094467
366 403 402.4914741625555
375 403 402.49249185543823
383 403 402.49347820803257
393 403 402.49449188777726
403 403 402.4974862690521
412 403 402.4984919226406
423 404 402.4994952635031
432 404 402.50250185557854
439 404 402.50752118341643
446 404 402.5105116639813
452 404 402.5115390621197
457 405 402.516531337534
461 405 402.5195846565284
466 405 402.5245607413292
469 405 402.5276300901243
472 405 402.5325899849601
473 405 402.53567536291706
474 405 402.5406190684364
471 404 402.54170672279736
466 405 402.54663829176366
462 405 402.5497517142576
459 404 402.55265742508766
455 404 402.553769171459
450 404 402.5566668184741
446 404 402.5577865885669
443 404 402.56067617192815
439 404 402.56180396558244
435 404 402.5646854854509
436 404 402.5658213025069
438 404 402.5686947590436
440 404 402.56782995593534
443 404 402.57069938086653
445 404 402.56983859934144
452 404 402.5727039927074
453 404 402.5718472327253
456 404 402.57470859456635
459 405 402.5778780506842
461 405 402.58273683803185
465 405 402.58391375616395
468 405 402.5887603994925
472 405 402.5919579042014
474 405 402.59678836274884
477 405 402.60000189151276
477 405 402.60481616592716
477 405 402.6120526385912
480 405 402.6168426680632
483 405 402.62610143296746
484 405 402.63086319853824
485 405 402.6441414067991
487 405 402.64886688031294
487 405 402.66417381454175
488 405 402.6688589896169
488 406 402.6842301088493
488 406 402.69088889618547
489 405 402.70627843800344
488 405 402.71087891935576
488 405 402.7243148203185
489 405 402.72887902408985
488 406 402.742375274422
489 406 402.7489168203932
489 406 402.7624525528326
489 406 402.7689536198141
489 406 402.78053119859857
489 406 402.78699581788885
488 406 402.79860903294804
491 406 402.8050372078284
488 405 402.8126712209937
482 405 402.81705773216703
470 405 402.82671301869107
451 405 402.83107129415924
433 404 402.8367447065517
415 404 402.8390745694861
396 404 402.8447639074079
379 403 402.8450744392936
364 403 402.8487684733826
353 403 402.8490709930954
344 403 402.8547702731888
339 402 402.8530625426596
343 402 402.85876479076074
348 402 402.857049088135
355 402 402.85876479076074
364 403 402.85904731059475
375 403 402.8627692175628
386 403 402.86304372578036
397 403 402.86877080879077
408 403 402.86903330983387
420 404 402.87478225915396
429 404 402.87703583103365
438 404 402.8828007028898
447 404 402.8850381932791
453 404 402.89081898704035
458 404 402.8930403965797
464 405 402.9008490787489
466 405 402.90505829537557
466 405 402.91289082776984
469 405 402.91707583571093
471 404 402.9229203700368
473 404 402.925077402735
469 405 402.9309478029639
466 405 402.9350965105919
461 405 402.94098684268334
457 404 402.94310764672474
451 404 402.947002189055
447 405 402.95111862358686
443 404 402.9530273922373
440 404 402.9551240522944
438 404 402.96104427898837
437 405 402.9651324866706
437 404 402.9690709524598
438 404 402.9711354427262
440 404 402.9750858796104
442 404 402.9771383093587
445 405 402.9831122733993
449 405 402.98715612287197
452 404 402.9931400680212
454 404 402.9951562984349
457 405 402.99916458140035
460 405 403.0031761661439
461 405 403.0092019218263
458 404 403.0111859489759
461 405 403.0152261951032
467 405 403.0192054977033
470 405 403.02726452673625
474 405 403.0312196344099
476 406 403.0413187369484
479 405 403.04524559905184
478 405 403.05335628925366
475 405 403.0572589595677
476 405 403.0653934820573
482 405 403.0692719620289
482 405 403.0774303153915
484 405 403.0812846064674
485 405 403.08946678928856
486 406 403.0953088290659
487 405 403.1035188308179
487 406 403.1093325637599
488 406 403.11958622920224
488 406 403.1253675967316
488 406 403.13565298720334
488 406 403.14140199190655
487 406 403.1537148975206
488 406 403.15942752216523
488 405 403.17175611624845
483 406 403.1774324041463
475 406 403.19380263710644
468 405 403.1974231068448
458 405 403.2157932818404
443 404 403.21736321740906
425 404 403.2357475922398
406 404 403.2372775426399
389 403 403.2536956881764
373 403 403.2531884560865
362 403 403.26963783751836
354 403 403.2690987417707
351 403 403.2835941550676
350 403 403.2830271657859
353 403 403.29556484698725
359 403 403.2949739334722
367 403 403.3075351836012
376 403 403.30692034727105
387 403 403.31751516153145
400 403 403.31688038067534
408 404 403.3275097985763
417 404 403.3288558980128
427 404 403.3395089983599
435 404 403.34083105978743
442 404 403.3515078411825
448 404 403.3528058660309
454 405 403.36551597646263
454 405 403.3687915543294
455 404 403.37952362528307
460 405 403.38277107481923
464 405 403.39554028750456
466 405 403.3987555756711
467 405 403.4135458533289
466 405 403.41672498794594
460 405 403.42956116482503
453 404 403.4307028474655
449 405 403.44754534348994
447 404 403.44865100778316
444 404 403.4615302762156
441 404 403.46260793287894
440 404 403.4755147242072
437 405 403.4785694432853
436 404 403.4895185542821
437 404 403.49054016172425
437 404 403.50151293630086
439 404 403.5025105250276
441 405 403.51551586411915
447 405 403.5184902826635
451 404 403.52752437207016
456 405 403.5304746856178
460 405 403.543535160135
466 404 403.5444486051072
463 405 403.55554283432235
464 405 403.55843690846064
471 405 403.56955878454846
475 405 403.5724247269627
480 405 403.58158058113696
483 406 403.5864318829363
486 405 403.59561548867623
488 406 403.60043855278457
490 406 403.6116632971587
492 406 403.6164540749051
493 406 403.62771046759735
495 406 403.6324689615542
497 406 403.6437570000684
500 406 403.6484832128073
501 406 403.6598028946478
503 406 403.6644968287402
503 406 403.6758481514116
503 406 403.6805098094284
503 406 403.69189277043597
503 406 403.6965221549475
503 407 403.70995461458443
503 406 403.71454766951365
503 406 403.72599787817165
503 406 403.7305586650582
503 406 403.742040504257
496 406 403.7465690256698
490 406 403.75808249291646
485 406 403.76257875142414
473 406 403.77012845586603
458 405 403.77259193759056
439 405 403.78214428089825
421 404 403.78258010964265
401 404 403.78814709630956
380 404 403.78857091304604
365 403 403.79214726935044
358 403 403.79056452572047
356 403 403.79214726935044
356 403 403.79056452572047
359 403 403.79214726935044
366 403 403.79056452572047
374 404 403.798144973163
385 404 403.79854878392024
395 404 403.80813763970644
407 404 403.8085214554046
418 404 403.82211008460933
429 404 403.82246594264666
437 404 403.83608204607555
447 405 403.8384132298462
453 405 403.85605533018037
460 405 403.85834645330783
459 405 403.8760276265265
461 405 403.8782786929745
468 405 403.89599893526037
475 405 403.89820994899196
480 405 403.9159692565285
482 406 403.9201480490915
483 406 403.9359882025001
482 406 403.94012675147786
479 406 403.95600615638784
476 406 403.9601044657752
471 405 403.97201980529684
467 406 403.97608592588745
461 406 403.99004432265855
459 405 403.99206675379156
454 405 404.0020536069554
451 405 404.00405195987827
449 405 404.01406253427723
448 405 404.01603681042167
449 405 404.02607110465595
451 405 404.0280213054535
453 405 404.0380793181234
455 405 404.0400054450054
458 405 404.0500871747113
461 406 404.05399639157145
462 405 404.06410580897483
463 405 404.06597976073164
463 406 404.0781239568916
466 406 404.08197683143453
470 406 404.09614374152784
474 406 404.0999604058382
477 406 404.11416272264705
479 406 404.1179431799583
480 406 404.134171851027
477 406 404.13791210427166
476 406 404.150198274764
480 406 404.1539063277751
483 406 404.16622406300445
485 406 404.1698999183388
486 406 404.18224921582384
487 407 404.18790432173995
488 406 404.20028914820807
489 406 404.20389656706675
488 407 404.21832827548485
489 406 404.2218994562269
489 406 404.2343513627253
490 406 404.2378903566562
488 406 404.2483784791301
487 407 404.25390041408383
487 406 404.26242493760515
487 407 404.2679185886508
485 406 404.2784661051249
480 406 404.2819164889768
473 406 404.2904965630808
464 406 404.2939227839073
449 405 404.30051671452424
432 405 404.3019168888518
413 404 404.30452173155965
396 404 404.3039129170036
381 404 404.3085217522913
369 403 404.30590893530115
360 404 404.3085217522913
356 403 404.30590893530115
355 404 404.310521747817
357 403 404.3079049437446
363 403 404.310521747817
370 404 404.3099009423341
381 404 404.3125217334493
391 404 404.3118969310698
402 404 404.3125217334493
413 404 404.3118969310698
423 404 404.3145217091885
433 405 404.3158938256076
441 405 404.31853154400403
448 405 404.3198956272125
454 405 404.3225413390524
457 405 404.3238973892095
458 405 404.3265510943348
465 405 404.3278991115998
467 406 404.3345704856061
471 406 404.3379081906617
473 406 404.34659927429755
472 406 404.34991282304
472 405 404.3606076288886
468 406 404.3638930468446
461 405 404.3766052552441
458 405 404.3778530038459
456 406 404.3945919172806
454 406 404.39780909396626
451 405 404.4145623942752
449 406 404.41773947244207
448 405 404.4325473682125
448 405 404.4336830680649
447 405 404.4485223293922
448 405 404.44962603518377
449 406 404.4665057932699
450 406 404.4695785841007
452 405 404.4824992312631
455 406 404.48553991459323
459 406 404.4985118541036
462 405 404.4995154508841
463 406 404.5125149479296
463 406 404.51549537687674
465 406 404.5245384453319
470 406 404.5274947392328
474 406 404.5345627073782
477 406 404.5374988798937
480 406 404.54258788268714
483 406 404.54550794688106
484 406 404.5506128987986
489 406 404.55351685531053
488 407 404.5646488637143
488 407 404.56953419653337
489 406 404.5786843416832
489 407 404.5835414348933
490 407 404.5947327828072
490 407 404.5995575874991
491 406 404.60876721719467
491 407 404.61356378648503
491 407 404.62680794457356
490 407 404.6315682197819
490 406 404.6408412664763
490 407 404.6455733107679
490 407 404.6568872424953
491 407 404.66158700820614
490 407 404.67293258226385
490 407 404.6776000719585
485 407 404.68897728585756
479 407 404.69361250210017
471 407 404.703023307398
459 407 404.70763027153316
443 406 404.71705398657855
424 406 404.7196239373623
405 405 404.72306769326366
386 404 404.72162284711203
368 404 404.72306769326366
357 404 404.72162284711203
352 404 404.72306769326366
351 404 404.72162284711203
353 404 404.72306769326366
358 403 404.719628879055
365 404 404.7210697364015
377 404 404.719628879055
385 404 404.71906681807343
395 405 404.719628879055
406 405 404.72307264481736
416 405 404.72362668863303
427 405 404.72307264481736
435 405 404.72362668863303
443 405 404.72707843191324
450 405 404.72762445872166
456 405 404.73108417936226
457 406 404.733625981336
457 405 404.73309198965063
463 406 404.73562976342964
468 406 404.7371075803465
470 406 404.73963729785595
470 406 404.74112313120224
470 406 404.743644792602
468 406 404.74513864221893
464 405 404.74564852509536
459 406 404.7491491621632
454 406 404.7516547217565
449 406 404.75316459355446
445 406 404.7556620975178
441 406 404.7611854346572
439 406 404.76366684770505
438 405 404.7711939341506
437 405 404.7716516753613
437 406 404.7851875948432
439 405 404.7856173334226
440 405 404.79518064887225
443 406 404.79759386636675
445 405 404.80917348037923
450 405 404.80955522319385
451 405 404.8211584646748
454 405 404.8215162265958
451 406 404.8351503982775
451 406 404.83748344243025
457 406 404.8511490731027
462 406 404.85345002852574
466 406 404.8631625138566
469 406 404.86543937461494
472 406 404.87517559814813
474 407 404.87943637581793
471 406 404.8872031746486
470 406 404.8894318205897
474 406 404.8952213604911
476 406 404.89743392617345
477 406 404.90323938755176
479 407 404.90744374486377
480 407 404.9152809780573
481 406 404.9174533161049
481 407 404.92531041418994
482 407 404.9294704019454
484 406 404.93533960191354
485 406 404.93747171631327
484 407 404.9453685412466
483 407 404.94948820809736
475 407 404.95740887902275
463 406 404.9594967401061
446 406 404.96742242611674
423 405 404.96748758388
401 405 404.9714257962194
386 405 404.97148294663907
373 404 404.97342746642994
365 404 404.97148294663907
357 404 404.97542417827873
355 404 404.9734756746422
355 404 404.97542417827873
359 404 404.9734756746422
366 404 404.97542417827873
375 404 404.9734756746422
385 404 404.9734225179373
395 404 404.9714780080197
406 404 404.9734225179373
416 405 404.9734756746422
423 405 404.97542417827873
432 405 404.9754733314105
439 405 404.97542417827873
445 405 404.9754733314105
450 405 404.97742582872655
455 405 404.9774709783249
459 406 404.97943241770037
461 406 404.9814761195875
463 406 404.9834455658215
464 406 404.98548122124083
460 406 404.9874586741752
454 406 404.9894862832861
455 406 404.9914717427624
455 406 404.99349130572455
451 406 404.99347826214404
448 405 404.99349130572455
444 406 404.99548477158453
442 406 404.99749628855733
433 405 404.99548477158453
429 405 404.9954938020916
431 405 404.99548477158453
435 405 404.9954938020916
436 405 404.99347826214404
439 406 404.9954938020916
441 406 404.99347826214404
444 405 404.99349130572455
448 406 404.9914717427624
452 406 404.99349130572455
456 405 404.99347826214404
459 406 404.9954938020916
463 406 405.00149434396127
465 406 405.0034938120904
467 406 405.0115068010816
471 406 405.01348619521303
473 406 405.0235154854498
470 405 405.02346845584145
463 406 405.03351750268916
465 406 405.0354527692607
471 406 405.0495083423961
476 406 405.05141155166956
478 406 405.061515900149
480 406 405.06339503835693
483 407 405.0755341621529
484 406 405.07738519942086
485 406 405.0875409484514
486 407 405.0913748773232
486 406 405.0975661197587
486 407 405.1013799038458
485 407 405.1096019340425
486 407 405.1133915337779
486 407 405.11963645283765
487 407 405.12340589010654
486 407 405.1276698248534
485 406 405.1294163597603
473 406 405.1316815045664
458 406 405.13341999889366
440 406 405.1356931445555
419 405 405.13542180362356
399 404 405.1356931445555
381 404 405.133424935539
364 404 405.1336922760615
349 403 405.12943610653616
343 403 405.12970040259523
343 404 405.12744414566635
345 403 405.12770445111215
351 403 405.12346019454367
359 404 405.12570848979544
369 404 405.12346019454367
375 404 405.12570848979544
379 404 405.12346019454367
389 404 405.12570848979544
402 404 405.12346019454367
412 405 405.12770939772025
420 404 405.1254571117446
428 405 405.1297102957628
433 405 405.12945091661754
437 405 405.1297102957628
441 405 405.12945091661754
444 405 405.1297102957628
446 405 405.12945091661754
448 406 405.1317161304823
450 405 405.13145274095916
450 405 405.1317161304823
451 405 405.13145274095916
451 405 405.1317161304823
448 405 405.13145274095916
438 405 405.1317161304823
437 405 405.13145274095916
440 406 405.1337219552708
441 406 405.1354563599686
442 405 405.1357277701285
442 405 405.1354563599686
443 405 405.1317161304823
444 405 405.13145274095916
446 405 405.1317161304823
447 406 405.13345455540946
448 405 405.1337219552708
450 406 405.1354563599686
452 406 405.1337219552708
454 405 405.13345455540946
456 405 405.1297102957628
459 405 405.12945091661754
462 406 405.12770445111215
464 406 405.12945091661754
466 406 405.12770445111215
469 406 405.12945091661754
471 406 405.1317161304823
473 406 405.13345455540946
475 406 405.1357277701285
477 406 405.1374581546367
473 406 405.1437410374294
465 406 405.14545536140474
465 406 405.1537499792449
472 406 405.15544424331756
476 406 405.1657544476758
479 406 405.16742465306857
481 406 405.17974931938176
485 406 405.1813914779404
478 406 405.19573438812586
470 406 405.1973445125227
471 406 405.20972822440405
476 406 405.21131030611673
481 406 405.2217310345105
483 407 405.2252953604945
485 406 405.2357437542153
486 407 405.2392799322395
487 407 405.24777546463855
487 407 405.25128747482097
486 406 405.25779667210236
487 407 405.2612885534467
486 407 405.26982772781525
486 407 405.273295443951
486 407 405.27785812275647
486 406 405.279303690677
487 407 405.2838783421914
484 406 405.28531184833236
469 406 405.291888680319
451 406 405.29330613766615
440 405 405.2938937124036
424 405 405.29330613766615
406 405 405.29589379001374
389 404 405.29330613766615
373 404 405.2938937124036
360 404 405.2913100474768
352 404 405.2938937124036
347 404 405.2913100474768
347 404 405.2918936249233
350 403 405.2873227723759
355 403 405.2879033096575
366 403 405.2833403928664
373 404 405.2859081372918
383 404 405.2833403928664
393 404 405.2819078736422
402 404 405.27934810448954
411 405 405.28390801040246
419 405 405.2833403928664
425 404 405.2819078736422
428 405 405.2813442535938
432 405 405.28390801040246
433 405 405.2833403928664
435 405 405.28390801040246
428 405 405.2833403928664
425 405 405.28390801040246
431 405 405.2833403928664
436 405 405.2819029289161
440 405 405.28133931875027
442 405 405.2819029289161
444 405 405.28133931875027
444 405 405.2819029289161
436 405 405.28133931875027
431 405 405.2819029289161
435 405 405.28133931875027
438 405 405.2798978375098
440 405 405.2793382347538
441 405 405.2778927361834
442 405 405.2773371408769
443 405 405.27388250376976
445 405 405.273334923481
446 405 405.26987223167396
448 405 405.26933266656135
450 406 405.26786708074496
455 405 405.26733152327984
455 406 405.26786708074496
458 405 405.26733152327984
461 406 405.26786708074496
463 405 405.26733152327984
456 405 405.269867286801
452 406 405.27132886499635
461 405 405.2758727905379
468 406 405.2773223361998
473 406 405.2878736417388
477 406 405.28929914321697
479 406 405.29987413759693
481 406 405.3012755963149
483 406 405.31187427814365
485 406 405.31325169552497
486 406 405.3238740634106
487 406 405.3252274408787
488 406 405.33587349342935
488 406 405.3372028324072
488 407 405.3498822672929
488 406 405.3511835433566
488 406 405.3578913011071
488 406 405.3591765336021
489 406 405.3659001766825
489 407 405.36917495043946
489 407 405.37792802403305
489 407 405.3811786454818
488 407 405.38595627758764
489 407 405.38919077844196
489 407 405.3959839559529
477 406 405.3971928861866
470 406 405.39999298053425
478 406 405.4011938808271
480 406 405.4040019654705
482 407 405.40720023206296
484 406 405.4120198164125
485 407 405.4152019843361
487 406 405.42003750878825
477 407 405.4232035786802
471 406 405.4300544583692
477 407 405.4332004165421
482 407 405.44008104606195
485 407 405.44320687366314
486 407 405.45210669281676
488 407 405.455208376955
489 407 405.4641319829034
489 407 405.46720952501204
489 406 405.47014943663646
490 407 405.47321489834565
490 407 405.48017503287303
491 407 405.483220367995
490 407 405.49020038123047
491 407 405.49322559076126
492 407 405.49822641196164
490 407 405.5012355098317
486 407 405.50625228383666
479 407 405.5092452706843
479 407 405.51227405445775
483 407 405.5152549534974
485 407 405.51829573565817
484 407 405.52126454724913
476 407 405.52231343464535
461 406 405.52326936934213
441 406 405.52231343464535
421 405 405.52126947917293
397 405 405.51830561934537
376 405 405.517269669246
358 405 405.5142977644349
344 404 405.51127481242736
335 404 405.50629181975813
330 404 405.5032848202342
331 403 405.4962915797997
333 403 405.49131433361185
340 403 405.4822878641471
349 404 405.47932869629744
358 404 405.47428128744633
369 404 405.47133807459187
381 405 405.46827377993975
392 405 405.4673377721071
401 405 405.4642654304842
406 405 405.4633374301553
415 405 405.4622612408967
422 405 405.46133724437897
426 405 405.464260487982
430 405 405.46333249752684
424 405 405.4682589525795
420 405 405.46732297436745
418 405 405.47624587877385
416 405 405.4752939452662
415 405 405.48423264764773
415 405 405.4832647594719
414 405 405.49221925921034
414 405 405.4912354169939
413 405 405.4962174481156
413 405 405.49522561924204
413 404 405.498216527785
415 404 405.49522561924204
418 404 405.498216527785
417 405 405.49722070564184
417 405 405.50021559759915
418 405 405.49921578222563
420 405 405.50021559759915
422 405 405.49921578222563
424 404 405.498216527785
425 405 405.49722070564184
427 404 405.4962174481156
428 404 405.4932305230261
429 405 405.4922143170489
432 405 405.49123048470483
435 405 405.48820620425136
443 405 405.487230378467
445 405 405.48419805183465
447 405 405.48323023276805
450 406 405.48419805183465
453 405 405.48323023276805
455 405 405.48219396076877
458 405 405.48123014512026
461 405 405.48219396076877
463 405 405.48123014512026
465 405 405.48219396076877
468 406 405.48323023276805
470 406 405.4862021329955
472 406 405.487230378467
478 406 405.49021026560246
477 406 405.49123048470483
478 406 405.4922143170489
479 406 405.4932305230261
478 406 405.4962223902283
481 406 405.4972305700743
479 406 405.4962223902283
479 406 405.4972305700743
480 406 405.4962223902283
479 406 405.4972305700743
480 406 405.4962223902283
481 406 405.4972305700743
481 406 405.4962223902283
486 406 405.4972305700743
483 406 405.4962223902283
481 407 405.4992355109933
478 406 405.49823135404984
476 407 405.50124044199913
477 406 405.49823135404984
477 406 405.4992355109933
478 406 405.49823135404984
479 406 405.4992355109933
480 407 405.49823135404984
480 407 405.50124044199913
481 406 405.5002403079184
489 406 405.50124044199913
488 406 405.49823135404984
487 407 405.50124044199913
486 407 405.5002403079184
487 407 405.50324536309205
487 407 405.50425818579714
487 407 405.50725517553934
487 407 405.50827602386573
487 407 405.51126494833653
487 407 405.5163016968415
488 407 405.51927451108907
489 407 405.5283250833285
492 407 405.5312737631957
495 407 405.5423420339296
494 407 405.545262578667
492 407 405.556358500073
487 407 405.559250911627
476 407 405.5703744818088
459 406 405.57123418704145
440 406 405.58037289513345
420 405 405.5792129781801
400 405 405.58437021503363
382 405 405.58320231488875
367 404 405.58636886021014
356 404 405.58320231488875
350 404 405.58437021503363
350 404 405.5812076514394
349 404 405.58037289513345
353 404 405.57721829511087
359 404 405.5763755358361
367 404 405.5732288995416
377 404 405.57237813714045
387 405 405.57123418704145
398 405 405.5683708165784
407 404 405.5652401278985
416 405 405.56236470279964
423 405 405.5612407516281
429 405 405.560360997997
434 405 405.55924104870303
440 405 405.560360997997
442 406 405.5612407516281
443 405 405.55835728329487
444 405 405.557241335918
445 406 405.55835728329487
448 405 405.557241335918
446 406 405.560360997997
445 406 405.5612407516281
444 406 405.5643683977029
442 405 405.5632404446931
441 405 405.560360997997
439 405 405.55924104870303
436 405 405.55835728329487
437 405 405.557241335918
435 405 405.55635355869305
433 406 405.557241335918
430 405 405.55434982419143
428 405 405.55324188076713
427 405 405.5503423254882
428 405 405.54924238617434
429 405 405.54633478718387
431 405 405.5452428521385
434 405 405.5423272092774
437 406 405.543243070329
440 406 405.5423272092774
448 405 405.54124327865844
449 406 405.5363058849128
452 406 405.5372338022737
454 406 405.5342971097075
458 406 405.5352290492159
460 406 405.5302795294458
463 406 405.5312195133687
464 406 405.52827072438913
466 406 405.52921473057893
467 406 405.52425308442326
469 406 405.52520513526656
471 406 405.5222442495138
475 406 405.52320032274355
479 406 405.51822654984113
479 407 405.5211955003092
478 406 405.5162176850776
478 406 405.5171858257058
478 406 405.5121999256954
479 407 405.5151809735364
480 406 405.51019103107643
485 407 405.5131761114551
493 407 405.5142088103624
498 407 405.5171858257058
496 407 405.52423331733854
496 407 405.5271902104716
495 407 405.536256468668
495 407 405.53918922836544
494 407 405.54827926355114
493 407 405.55118789124515
493 408 405.5643091023115
492 407 405.56718555622814
491 407 405.57633106560996
490 407 405.5791833908639
491 407 405.58635403716715
490 407 405.5891862463791
490 407 405.5943781651792
491 407 405.5971942703746
491 407 405.60240213444797
490 407 405.6052021362645
489 408 405.61243928386074
489 407 405.61521914247743
488 407 405.6184594780404
488 408 405.6232365138861
488 408 405.6285061111212
490 407 405.6312537268301
482 408 405.63453594770135
482 407 405.6372714630646
483 407 405.6385524953725
484 408 405.6432891100258
485 408 405.64859863081284
486 408 405.65331503637435
486 408 405.65664128822357
488 408 405.66134151530883
478 407 405.66267070659785
463 407 405.66534976504954
443 406 405.6646788461212
424 406 405.66534976504954
404 406 405.6686852153228
384 405 405.6673489449206
369 405 405.66668203566786
358 405 405.66534976504954
351 404 405.6626805867674
348 404 405.6593620268119
348 404 405.65868403852977
350 404 405.6553734390807
360 404 405.6546874509178
367 404 405.65138481213154
375 405 405.64868261516
385 405 405.6473862851824
395 405 405.6446760484018
404 405 405.6433877188189
409 406 405.6426727501827
419 406 405.6433877188189
426 405 405.63866118368674
434 406 405.63938418255196
440 406 405.63866118368674
447 406 405.63938418255196
450 406 405.63866118368674
453 406 405.63938418255196
455 406 405.6366529153606
458 406 405.63737993434484
460 407 405.6366529153606
460 407 405.63938418255196
459 405 405.6326412893306
458 406 405.63337633878206
455 406 405.6326412893306
452 406 405.63337633878206
448 406 405.6286246831264
444 406 405.6293677730941
441 406 405.6266163651094
439 406 405.6273634753947
436 406 405.6286197426269
435 406 405.62936284248457
436 406 405.6326264679786
436 406 405.6333615470996
437 406 405.64062991924584
439 406 405.6413489771476
443 406 405.648633212605
446 406 405.6493362499192
450 406 405.65663634806526
454 406 405.6573233654238
458 406 405.6646393256361
462 406 405.66531032367067
465 407 405.6746502354903
468 407 405.6773052562837
470 406 405.6826627373807
473 407 405.6853016809951
475 407 405.6906849605096
479 407 405.69330780775766
474 407 405.69870702500833
476 407 405.701313776527
477 407 405.70672893088624
478 407 405.7093195873124
480 407 405.71074476384484
481 407 405.7133273630532
481 407 405.7147605570541
486 407 405.71733509920426
486 407 405.7187763105151
486 407 405.72134279576665
484 407 405.72279202422914
485 408 405.7273591958028
485 407 405.73082333242075
481 407 405.7333656479339
482 407 405.73483892690075
483 407 405.7373731861535
483 408 405.74487280014665
483 408 405.74939556332055
483 408 405.7569190472412
484 407 405.759409009822
489 408 405.7649496799564
488 408 405.7694320670299
487 407 405.7729801537378
486 407 405.77543789638133
485 407 405.77699533103123
484 408 405.7814534943656
480 408 405.7870380390199
481 408 405.7914760070744
481 408 405.79507795263015
482 407 405.7974913673075
481 408 405.8011053141037
484 407 405.80350663837294
483 408 405.80913507240865
483 408 405.8135286064278
482 408 405.8171745482399
479 408 405.8215519166029
473 408 405.8252138648076
461 408 405.8295750681559
446 407 405.83124077870593
428 406 405.83157836718425
411 406 405.8292334633706
393 406 405.8295750681559
378 405 405.82522374101995
367 405 405.82357496823664
358 405 405.8192115522993
354 404 405.815581268142
352 405 405.80919433202695
354 405 405.80757755369723
358 405 405.80117445169225
365 405 405.7995736813926
373 405 405.7951619066616
383 405 405.79357313787017
395 405 405.7911567861622
405 405 405.7895760120016
416 406 405.7911567861622
426 406 405.7915745798574
435 406 405.7991571107851
442 406 405.79955889576814
449 406 405.80914988731405
454 407 405.8115350750888
459 406 405.82114978303247
464 407 405.8235109009827
467 407 405.83714909205435
472 407 405.8394781191204
470 407 405.84916297335434
469 407 405.85146790420754
466 407 405.8611764990319
462 407 405.8634573350993
458 407 405.8731896691187
453 407 405.87544641182717
447 407 405.8832053099825
444 407 405.8854419660799
438 406 405.88921655080276
433 406 405.8894381478779
429 406 405.89322070370486
427 406 405.8934342903319
426 406 405.89722481710623
423 406 405.8974303934431
425 406 405.8992268589945
429 406 405.8994284302455
432 406 405.90323091314696
435 406 405.9034244743446
439 406 405.90723492780154
442 406 405.90742047910385
451 407 405.9132458127629
455 406 405.9134193396419
459 407 405.91525271264385
463 407 405.91742510022897
466 407 405.92327033911914
469 407 405.92542664878727
467 408 405.933299554711
470 407 405.9354357530271
473 407 405.93931499044265
476 407 405.94143912638435
477 407 405.9453303370355
482 407 405.9474424109604
481 407 405.95134559449355
484 407 405.9534456067592
483 408 405.96137411649045
482 408 405.96546158509597
483 408 405.9694105775081
483 407 405.9714743673501
483 408 405.9754353507321
483 408 405.97949455606744
483 408 405.98347153340694
483 408 405.98751458634786
481 408 405.99150755701385
482 408 405.99553445820067
482 408 405.9995434215623
481 407 406.001546795083
480 408 406.00556774764084
480 408 406.00956638975885
480 408 406.01360333390846
480 408 406.0175858260329
479 408 406.0216387611436
479 408 406.0256051039146
481 408 406.0296740293556
482 408 406.0336242234133
482 408 406.037709138554
482 408 406.0416431845384
476 408 406.0437378338301
464 407 406.04565260571377
448 407 406.04574408874817
429 407 406.0476548386901
410 406 406.0437378338301
391 406 406.0436503628643
373 406 406.04173156899907
359 405 406.03965077317264
347 405 406.03371628168395
341 405 406.03165147559616
337 405 406.02770718018246
337 405 406.0256543618888
341 404 406.01970148749183
345 405 406.01766464034546
353 404 406.0137020501956
366 405 406.01167717197495
376 405 406.0137020501956
386 405 406.01167717197495
396 405 406.01569858195137
405 406 406.0156671853932
414 406 406.02369448218406
417 406 406.02364709459965
424 406 406.03169022495507
431 406 406.0316268469736
435 406 406.0416772787921
439 406 406.04159392850386
442 406 406.05365549676384
445 407 406.05555038688976
452 406 406.0636568159893
452 407 406.0655316571452
452 407 406.0756639959843
452 406 406.0755126820626
450 406 406.0796663104194
447 407 406.0815090594498
440 407 406.0896768588222
438 407 406.09149954166736
435 407 406.09769104162444
433 407 406.099497660364
431 406 406.10369910757737
433 406 406.10349173578896
430 406 406.1077011457179
434 407 406.1094877000536
433 406 406.1137090635808
433 406 406.11348167722775
435 406 406.1177110030794
436 407 406.11947749400053
437 406 406.12371877286336
441 407 406.1254732222543
444 407 406.1317322839178
448 407 406.13347067189625
451 406 406.1377398462927
456 407 406.1394661935725
459 407 406.14575308070255
463 406 406.1454616267428
465 407 406.1517604356899
468 407 406.1534586827989
470 408 406.1617840092531
473 407 406.16346216763515
474 407 406.16779606107895
476 407 406.16946217065606
479 407 406.1738080239164
480 407 406.1754620850452
482 408 406.18183041430774
483 408 406.1854748757026
483 407 406.18985264625405
484 408 406.1934809915098
484 408 406.1998851469394
484 408 406.20349333800664
483 408 406.20791688922924
483 408 406.2115089457708
483 408 406.2159484727147
485 408 406.21952439536926
483 408 406.22397989740506
484 408 406.2275396868115
484 408 406.23201116330995
483 408 406.2355548201068
483 408 406.2400422704386
482 408 406.24356979526453
480 408 406.2460679630893
484 408 406.2495833844018
483 408 406.2540987923336
483 408 406.2575980827928
482 408 406.2601242764964
482 408 406.26361146428064
482 408 406.2641445048042
475 408 406.2676236177331
468 408 406.2681646933298
456 407 406.2696296796008
440 407 406.2701698399768
421 407 406.27163080874845
402 406 406.27217497672746
384 406 406.27163080874845
372 405 406.26816962605204
359 405 406.2656372375099
350 405 406.2621639923949
345 405 406.2596435778479
343 405 406.2561582699572
345 405 406.25364982975844
347 405 406.2501524587351
355 405 406.2476559932377
364 405 406.24214128363076
374 406 406.2416571451037
384 405 406.23613033206976
397 405 406.2336618253096
405 406 406.2301192915652
418 406 406.22965918307835
424 406 406.2281139472282
430 406 406.2276578471732
435 406 406.2241032288559
438 406 406.22365514578297
441 406 406.2200924708847
441 406 406.21965240495194
444 407 406.2180870770491
446 407 406.21965240495194
447 407 406.2180870770491
448 406 406.2176510197458
448 407 406.21608167331345
447 407 406.2176510197458
444 407 406.21608167331345
442 407 406.2176510197458
440 407 406.2180870770491
438 406 406.2176510197458
434 406 406.22008753757865
432 406 406.21964748150725
432 406 406.2240884290838
431 406 406.22364037559413
431 406 406.2300847592741
433 407 406.23162604602805
433 406 406.2400817349465
436 406 406.2396017130777
438 407 406.2540593291873
440 407 406.2555525774386
442 406 406.2660460835988
445 407 406.2675153147246
448 407 406.27804728216216
453 407 406.2794924679315
455 406 406.2840526810348
458 407 406.28548583477607
461 407 406.2920630297396
464 407 406.293480134742
467 407 406.3000732205176
470 407 406.3014742774139
471 407 406.30808325337813
474 407 406.30946826280086
475 407 406.31609312833046
476 408 406.3194679067199
477 408 406.32812244068504
478 407 406.3294673045508
479 408 406.3381416637398
475 408 406.3414721634994
476 408 406.3501703233846
479 407 406.35147101985496
480 408 406.3601890028265
481 407 406.36146963018035
481 408 406.3741969859207
481 408 406.37745508332523
487 408 406.38821927996275
486 408 406.39144922106817
485 408 406.40024645740715
485 408 406.4034522491166
484 408 406.41227327892483
483 408 406.41545492266897
478 408 406.42629425927976
478 408 406.42944775200533
478 408 406.4423091920953
479 408 406.44543053157827
479 408 406.4543347689935
481 408 406.4574319655135
480 408 406.4663599901069
484 408 406.4694330450938
484 408 406.4783848554673
483 408 406.4814337703507
482 408 406.4884102349176
478 408 406.49143902424316
466 407 406.498425507258
447 407 406.4994292738921
429 407 406.50643163167274
410 407 406.50741936648586
391 406 406.51043463475065
375 406 406.5094144051279
361 405 406.50843560304236
352 405 406.50542431805263
345 404 406.502443378814
343 405 406.49944403406016
344 405 406.4984452269699
348 405 406.4954538491175
353 405 406.49444703580133
361 405 406.49146362500653
373 405 406.490448805307
383 405 406.48747336172613
393 405 406.48645053548574
403 406 406.485478215397
412 406 406.48645053548574
420 406 406.485478215397
426 406 406.48645053548574
431 406 406.485478215397
435 406 406.48444645572954
439 406 406.483478139026
443 406 406.48244236609264
447 407 406.483478139026
448 407 406.48645053548574
450 407 406.48747828192694
451 407 406.4904586653565
450 407 406.4914783854638
450 406 406.48845460536137
448 407 406.4894783386158
445 406 406.4904586653565
442 407 406.4914783854638
438 407 406.4924627154715
436 407 406.4934784224711
432 407 406.4924627154715
431 407 406.4934784224711
430 406 406.4904586653565
426 406 406.4894783386158
426 406 406.48645053548574
429 406 406.485478215397
431 406 406.48244236609264
433 406 406.48147805281366
435 407 406.4804382665748
438 407 406.48147805281366
448 406 406.4784341571761
450 406 406.47747785086443
453 407 406.4764300378962
456 407 406.47747785086443
458 407 406.4784341571761
461 407 406.4794779567598
457 407 406.48444152563184
461 407 406.485473295172
464 407 406.49244792546995
467 407 406.4934636620864
469 407 406.5044424399897
473 407 406.50543415801957
474 407 406.51643660060404
480 407 406.51740430146407
480 407 406.5284304073442
480 408 406.53137886269
482 407 406.5424325934477
482 407 406.5433482422262
482 407 406.5524317471475
477 408 406.5553320275114
478 408 406.5664478939528
479 408 406.5693200427204
479 408 406.5784697991378
480 408 406.5813178196952
481 408 406.59049134886396
481 408 406.593315242639
480 407 406.59850551788645
480 408 406.60131332793304
480 408 406.6105264752512
480 407 406.61130579461263
478 408 406.6185402493953
478 408 406.62130785289645
479 408 406.62656372235364
480 408 406.62931522456665
480 408 406.6365854485433
480 408 406.6393168398747
480 408 406.6486052802256
481 408 406.65131255167495
480 408 406.6606247566328
480 408 406.6633079096269
480 408 406.67064564344463
480 408 406.6733086889278
476 408 406.6826644684505
471 408 406.6853033980943
456 407 406.6926749570583
440 407 406.69328983891535
421 407 406.70067725756684
403 406 406.69927710779126
387 406 406.70267534436573
372 405 406.69927710779126
362 405 406.70067725756684
355 405 406.6972830005138
351 405 406.69668105451944
351 405 406.69329475662613
354 405 406.69268481220496
360 405 406.68930647362737
368 405 406.6886885306223
374 405 406.68531815151624
383 405 406.68469220977016
394 405 406.68132979029167
404 406 406.6826940346177
413 406 406.68132979029167
420 406 406.6826940346177
427 406 406.68132979029167
439 406 406.68069092192894
443 406 406.67933067713193
447 406 406.68069092192894
451 407 406.68132979029167
454 406 406.68069092192894
456 407 406.68132979029167
451 407 406.6826940346177
453 407 406.68332889362455
453 407 406.6826940346177
452 406 406.68132979029167
450 407 406.68069092192894
449 406 406.67933067713193
444 406 406.67668466695187
446 407 406.677331554145
441 406 406.67468152466336
438 406 406.6733332786894
437 406 406.66866711073186
435 407 406.6693300459232
435 406 406.6666639289508
430 406 406.6653316917979
432 406 406.66265753578625
434 407 406.66333249999315
436 406 406.6606543244024
440 406 406.65933408689887
443 407 406.6586511031507
447 406 406.6573348656089
449 407 406.6546397030089
452 407 406.65533071632046
454 407 406.6526315240698
457 407 406.65332655715486
460 407 406.6506233352137
462 407 406.6513223881118
466 406 406.64661185588125
469 407 406.6473189386597
471 407 406.64460363729734
473 407 406.6453147400078
474 407 406.6405871703764
476 408 406.64331053147794
476 408 406.6405871703764
476 408 406.64331053147794
477 407 406.64259540879584
478 408 406.6453147400078
477 408 406.6506184071307
480 408 406.6533216389607
477 407 406.65863139120745
479 407 406.6593144144125
479 407 406.6666343616181
479 407 406.6673013656249
480 407 406.67862373871094
481 407 406.6792667446916
481 408 406.692620753747
480 407 406.69323574409253
479 408 406.7066172870687
479 408 406.7092081573762
478 408 406.71863504908697
478 408 406.72120180782315
479 408 406.7306524560137
476 408 406.73319510460414
476 408 406.7386737174064
476 407 406.7391965375356
476 408 406.7466849667775
474 408 406.749195450956
469 408 406.7547059120068
459 407 406.7551966478118
451 407 406.75871139853564
434 406 406.75719538810864
416 406 406.75871139853564
400 406 406.75719538810864
386 406 406.7547059120068
374 405 406.75120405476366
363 405 406.75270808079705
359 405 406.7492102020605
358 405 406.74871238893934
361 405 406.7452224673327
366 405 406.74471665782966
375 405 406.7412346935088
382 405 406.74072088746675
396 405 406.7372468805875
406 405 406.7367250778495
416 406 406.735252959465
425 406 406.7367250778495
434 406 406.735252959465
441 406 406.7367250778495
442 406 406.735252959465
449 406 406.7367250778495
456 407 406.7372517977669
460 406 406.73872791458047
465 407 406.7392506262458
469 407 406.7427335584561
474 407 406.7432482537356
478 407 406.7427335584561
478 407 406.7432482537356
477 407 406.744736365601
475 407 406.7452470527468
471 407 406.744736365601
468 407 406.7452470527468
467 407 406.744736365601
464 407 406.7452470527468
462 407 406.744736365601
462 407 406.7452470527468
460 407 406.744736365601
460 407 406.7452470527468
459 407 406.744736365601
459 407 406.7452470527468
459 407 406.744736365601
461 407 406.7452470527468
463 407 406.7427286314891
468 408 406.7452470527468
469 407 406.744736365601
472 407 406.7452470527468
475 407 406.744736365601
478 407 406.7452470527468
481 408 406.7427286314891
484 408 406.7452470527468
487 408 406.744736365601
488 408 406.7472507589941
490 408 406.744736365601
491 408 406.7472507589941
491 408 406.7487518040939
493 408 406.7512581418772
494 408 406.75075950847526
495 408 406.75326181851324
495 408 406.75075950847526
495 408 406.75326181851324
495 408 406.75276720294664
494 408 406.7552654852792
493 408 406.7547748875083
493 408 406.75726914217523
496 408 406.7547748875083
494 408 406.75726914217523
493 408 406.7547748875083
493 408 406.75726914217523
492 408 406.7547748875083
491 408 406.75726914217523
487 408 406.7607929549881
487 408 406.76327513678024
487 408 406.7688136220265
487 408 406.7712797137969
487 408 406.78082954654235
490 408 406.78327153411806
487 409 406.7968502271243
490 408 406.7992600779898
490 408 406.8088653235222
490 408 406.81125107351687
489 408 406.8208800650648
484 408 406.8232417156129
474 408 406.8328944517835
456 407 406.8332287313808
438 408 406.8429012439386
419 408 406.8452187257459
399 407 406.8489130821813
382 406 406.84721702378647
368 406 406.8489130821813
357 405 406.84522364162024
351 405 406.8429160212001
348 405 406.83923852057336
347 405 406.836918871818
349 405 406.8332533114765
353 405 406.8289192511739
360 406 406.82726309823437
370 405 406.8229169694636
379 405 406.8192792874989
389 406 406.81691459919415
399 406 406.8152824071387
407 406 406.81290968573495
414 406 406.81128548750956
420 407 406.81090721422026
424 407 406.81128548750956
427 406 406.81290968573495
430 407 406.81328395223284
433 407 406.81691459919415
437 406 406.8152824071387
437 407 406.8189170411389
440 407 406.8192792874989
441 407 406.82292189545944
441 407 406.82327612859126
442 407 406.8269267103558
441 407 406.827272930417
439 406 406.8289291030202
437 406 406.827272930417
435 407 406.8289291030202
433 407 406.82927131660523
431 407 406.8289291030202
431 407 406.82927131660523
431 407 406.8289291030202
431 407 406.82927131660523
433 406 406.82491938186394
435 406 406.8232712124517
437 407 406.8229169694636
438 407 406.8232712124517
439 407 406.8229169694636
440 407 406.8232712124517
448 407 406.8229169694636
449 407 406.8232712124517
452 407 406.81890226300567
455 407 406.81926453893504
458 407 406.81689489491936
460 407 406.81726118737885
457 408 406.8148875169281
461 408 406.81726118737885
464 407 406.8128801290315
467 408 406.8152578259572
469 408 406.8128801290315
474 408 406.8152578259572
473 408 406.8148875169281
479 408 406.81726118737885
479 408 406.8148875169281
479 408 406.81726118737885
480 408 406.8148875169281
481 408 406.81726118737885
481 408 406.8148875169281
477 408 406.81726118737885
478 408 406.8148875169281
478 408 406.81726118737885
478 408 406.8148875169281
479 409 406.81926945512305
479 408 406.81890718905015
480 408 406.82127279678974
483 408 406.82292189545944
483 408 406.8252794505277
482 409 406.8329535622802
481 408 406.8352909962458
480 408 406.84297020448764
479 408 406.8452875479818
478 408 406.8549839388868
478 408 406.85727718697626
480 408 406.8669973185513
481 408 406.8692664726595
481 408 406.88100262927145
479 409 406.8852516373627
473 408 406.89701936575733
461 408 406.8992283108927
445 407 406.90702458093125
428 408 406.90921346167625
410 407 406.91503251584936
395 406 406.91320450435126
377 406 406.91503251584936
365 406 406.91320450435126
357 406 406.91503251584936
352 405 406.9112114454454
352 405 406.91103841794796
354 406 406.9092183767775
358 405 406.9070393558641
365 405 406.9032341970263
373 406 406.90304025447716
381 406 406.9012361740869
390 406 406.9010382265197
398 406 406.8992381413364
407 406 406.8990361887118
415 406 406.89724009877483
421 406 406.89503208354427
427 406 406.8932439842176
430 407 406.89303001618435
434 407 406.8932439842176
435 407 406.8970341410534
436 406 406.8952420464019
441 407 406.8970341410534
441 407 406.89724009877483
442 406 406.8990361887118
443 407 406.8992381413364
443 407 406.9010382265197
442 407 406.9012361740869
436 407 406.90304025447716
436 407 406.9032341970263
435 407 406.90304025447716
434 407 406.9032341970263
433 407 406.9050422725844
434 406 406.9032341970263
432 407 406.9050422725844
436 407 406.9052322101548
436 407 406.9050422725844
436 407 406.9052322101548
438 407 406.90303532945126
440 407 406.9032292818527
441 407 406.90303532945126
439 407 406.9032292818527
442 407 406.90303532945126
445 407 406.9032292818527
448 407 406.8990214134884
451 407 406.8992233956708
455 408 406.8990214134884
458 407 406.8992233956708
465 407 406.89500745792935
467 408 406.8972204377907
469 408 406.89500745792935
471 407 406.89521747005085
472 408 406.8930004653009
474 408 406.89521747005085
472 408 406.8930004653009
473 407 406.8932144924513
475 407 406.88898645034516
476 408 406.8912115049919
477 408 406.88898645034516
477 408 406.8912115049919
477 408 406.88898645034516
477 408 406.8912115049919
476 408 406.88898645034516
477 408 406.8912115049919
477 408 406.88898645034516
479 408 406.8912115049919
477 407 406.8869794280177
478 408 406.88920850767227
478 408 406.88898645034516
477 408 406.8912115049919
478 407 406.8909934627728
478 408 406.8932144924513
478 408 406.89901156333923
478 408 406.90121651329576
478 408 406.9110236431604
478 409 406.91521229858193
477 408 406.9250471376467
478 408 406.9271998773245
478 408 406.93705844894265
475 408 406.93918710293804
466 408 406.9490694057186
454 408 406.95117397545374
438 407 406.9570765132958
421 406 406.95516460661855
402 407 406.9630718919931
386 406 406.96114802275656
373 406 406.9630718919931
362 405 406.95915519865133
356 405 406.95907826557396
354 406 406.9571623647875
355 405 406.95708143766774
358 405 406.9531766677832
359 405 406.9530877524614
367 405 406.94919093174275
375 406 406.94708730217917
385 406 406.94519532733153
393 406 406.94508549091785
401 406 406.9431975104142
407 406 406.9410818388534
417 406 406.9392018471555
423 406 406.93707814739895
427 406 406.93520614466377
432 406 406.93507628690014
436 407 406.93520614466377
440 407 406.93907999805
438 406 406.9372040008139
441 407 406.9410818388534
443 407 406.941199683689
444 406 406.9410818388534
444 407 406.941199683689
444 407 406.94508549091785
443 407 406.94519532733153
446 407 406.94508549091785
445 407 406.94519532733153
443 407 406.94708730217917
442 406 406.94519532733153
441 407 406.94508549091785
441 407 406.94519532733153
437 406 406.94508549091785
439 406 406.9431975104142
444 406 406.9410818388534
448 406 406.9392018471555
452 407 406.93907999805
457 407 406.9392018471555
461 407 406.93907999805
465 407 406.9392018471555
468 407 406.937073222785
474 407 406.9371990860506
479 408 406.937073222785
483 408 406.9392018471555
482 407 406.9350664376237
485 408 406.9371990860506
486 408 406.937073222785
486 408 406.9392018471555
487 408 406.93907999805
488 408 406.9412045984039
489 407 406.937073222785
489 408 406.9392018471555
489 408 406.937073222785
489 408 406.9392018471555
488 408 406.937073222785
489 408 406.9392018471555
489 408 406.937073222785
490 408 406.9392018471555
491 408 406.937073222785
493 408 406.9392018471555
495 408 406.937073222785
496 408 406.9392018471555
496 408 406.937073222785
496 408 406.9392018471555
497 408 406.937073222785
496 408 406.9392018471555
496 408 406.937073222785
496 408 406.9392018471555
495 408 406.937073222785
495 408 406.9392018471555
487 408 406.94108676341887
489 408 406.9432073397958
490 408 406.94510026446875
492 408 406.9472127930108
492 408 406.9531172989817
495 408 406.95521375207863
493 408 406.96512778180505
501 408 406.967200152543
500 408 406.97912971557656
500 409 406.98318147068437
500 409 406.9951622860504
497 409 406.99918181735944
489 408 407.00918288154116
471 408 407.01116692297273
456 408 407.02119170996735
439 408 407.02315167567554
420 407 407.02919739874943
403 407 407.02913900604216
388 406 407.03119879634187
377 405 407.027146514824
373 406 407.02920232224886
370 405 407.02515401385205
369 405 407.0252093446844
372 405 407.0211689826464
376 405 407.01921488126965
384 406 407.01717899862655
388 405 407.01321540587605
397 405 407.00919891324327
407 406 407.00721584204746
415 406 407.0052038979354
422 406 407.0052143265218
428 406 407.0032063755763
432 407 407.0052143265218
435 407 407.0052038979354
436 406 407.0032128011533
438 406 407.0012088434136
439 406 406.99920972088734
443 407 406.99921130144713
442 406 407.0012112659419
446 407 407.0012088434136
448 407 407.0052143265218
448 406 407.0032063755763
450 407 407.00721584204746
451 407 407.007201410491
450 407 407.00721584204746
450 407 407.007201410491
449 407 407.01121884357076
448 407 407.01119640619225
445 407 407.01121884357076
445 407 407.01119640619225
446 407 407.01121884357076
447 407 407.01119640619225
448 407 407.01121884357076
452 406 407.00919891324327
453 407 407.0092173477304
456 407 407.00919891324327
458 407 407.0092173477304
461 407 407.00919891324327
464 407 407.0092173477304
465 407 407.00919891324327
466 407 407.00721091828206
469 407 407.00719649657304
470 407 407.00721091828206
473 408 407.00919891324327
470 408 407.0092173477304
472 408 407.01120132006196
474 407 407.00721091828206
476 407 407.00719649657304
479 407 407.0031980297118
482 408 407.0051940700512
482 407 407.0011915705896
490 408 407.0031916336775
490 408 407.0031980297118
490 408 407.0051940700512
490 408 407.00520447894263
490 408 407.00719649657304
490 408 407.00520447894263
483 408 407.00719649657304
484 408 407.00520447894263
485 408 407.00719649657304
486 408 407.00520447894263
487 408 407.00719649657304
488 408 407.00520447894263
489 408 407.00719649657304
495 408 407.00520447894263
495 408 407.00719649657304
495 408 407.00520447894263
495 408 407.00719649657304
494 408 407.00520447894263
494 408 407.00719649657304
488 408 407.0092173477304
490 408 407.01120132006196
491 408 407.01523165306133
492 408 407.0172035676133
492 408 407.02524380951655
493 408 407.0271956515928
493 409 407.0392633688398
496 409 407.0431942681268
493 409 407.0552935708466
492 409 407.05919225586837
492 409 407.0713231415946
493 409 407.07518961489166
492 408 407.08534111399763
494 408 407.0871724827497
494 408 407.09734769585765
494 408 407.09915499789486
496 409 407.1073726004619
496 409 407.1111666363378
496 408 407.1173972582118
493 409 407.12117115178376
484 409 407.12943242843426
470 408 407.13117542138673
453 408 407.13544495791837
435 407 407.135174112972
418 407 407.1374458332213
401 406 407.135174112972
387 406 407.133444072782
377 406 407.1311803338084
371 406 407.1314431778122
368 405 407.1271914279369
368 405 407.12545027857084
371 406 407.123202482983
377 406 407.12344934431377
384 405 407.11921349894556
392 406 407.1214533226062
402 406 407.11921349894556
410 406 407.1194523687047
418 407 407.11921349894556
424 407 407.1234542666733
430 406 407.12121045212075
434 407 407.1234542666733
437 407 407.12320739550086
438 407 407.12745612530495
441 407 407.12720125287626
441 407 407.12945703986975
448 407 407.12919816687184
448 407 407.12945703986975
449 407 407.12919816687184
449 407 407.12945703986975
450 407 407.12919816687184
450 407 407.12945703986975
443 407 407.12919816687184
444 407 407.1314579446007
444 407 407.13119507107285
443 407 407.1314579446007
443 407 407.13119507107285
443 408 407.1314579446007
443 407 407.13119507107285
448 407 407.1274462806826
449 407 407.1271914279369
449 407 407.1254404338999
450 407 407.1251895916046
451 407 407.12142871068687
453 407 407.1211858894106
449 407 407.12142871068687
451 407 407.1211858894106
454 407 407.12142871068687
457 407 407.1211858894106
459 408 407.1234345772347
462 408 407.1251895916046
463 408 407.1254404338999
471 408 407.1271914279369
471 408 407.1254404338999
472 408 407.1271914279369
472 407 407.1234345772347
474 408 407.1251895916046
473 408 407.1234345772347
476 408 407.1251895916046
477 408 407.1254404338999
478 408 407.1271914279369
480 408 407.1254404338999
481 408 407.1271914279369
482 408 407.1274462806826
482 408 407.1291932544263
481 408 407.133458839498
481 408 407.13519376246506
480 408 407.1414721650368
480 409 407.145197687508
480 408 407.1534918576331
481 408 407.15518663035596
481 408 407.16549642984967
483 408 407.167167143914
484 408 407.1775006481426
484 408 407.179147304967
484 409 407.1915149652795
484 409 407.1951399513506
485 408 407.20552880010206
483 408 407.20711928943484
483 408 407.21553627774557
483 409 407.2191130092005
483 408 407.2255582728339
483 409 407.2291148726967
482 409 407.2375902465533
484 408 407.23911649054537
484 408 407.2436011791994
484 408 407.24511537893244
483 408 407.24961202312517
484 408 407.2511141789547
481 408 407.25362248364604
488 409 407.2571227124211
487 409 407.2616531275888
486 409 407.2651372263528
487 409 407.26968361318126
487 409 407.2731515825712
488 409 407.2777139404329
481 409 407.28116578108546
482 409 407.28574410935306
481 408 407.2871738712134
473 408 407.2897542140921
463 408 407.2911759417334
448 407 407.29175925165566
431 407 407.2911759417334
416 407 407.29175925165566
400 407 407.2911759417334
386 407 407.29175925165566
376 406 407.2891798219049
369 406 407.28575395014917
365 406 407.2831864931328
363 406 407.2817536469163
367 405 407.277202897486
374 406 407.2757580389144
382 406 407.27321051107697
392 406 407.2677473555599
401 406 407.26521579923815
410 407 407.2617367792965
424 407 407.2612134736133
431 406 407.25572611432466
437 407 407.2552148223519
440 407 407.2517156745195
445 407 407.2512123984409
445 407 407.2477051952209
446 407 407.24720993519406
449 407 407.24369467642765
450 407 407.24320743261023
453 407 407.23968411813854
454 408 407.2412061665666
455 407 407.23767882418275
455 407 407.2372036049752
453 407 407.23366820664774
451 407 407.2332010040439
448 408 407.23166288306834
446 407 407.2311996888254
445 407 407.2276522062848
443 407 407.22719702888213
443 407 407.2236414900009
444 407 407.22319432959614
445 407 407.21963073421523
445 407 407.21919159096615
446 407 407.2156199389268
448 407 407.2151888129911
451 407 407.20959875060566
452 407 407.2091796607734
454 408 407.2075933084944
456 407 407.20717822749634
458 407 407.20358239464207
461 408 407.2051767843823
462 408 407.2055878565066
466 408 407.20717822749634
469 408 407.2055878565066
473 408 407.20717822749634
474 408 407.21159926154644
477 408 407.21317758638406
475 408 407.2216065900083
481 408 407.2231648617254
481 408 407.2336091543154
481 408 407.2351433754214
482 408 407.2456113648763
483 408 407.24712153678877
483 408 407.2556178575725
478 408 407.2571079797135
479 409 407.2696294866638
480 409 407.2730975647667
481 408 407.2796501506719
482 409 407.28309810253603
484 408 407.2896705681388
484 408 407.2910924633634
490 408 407.29368063421896
490 408 407.2950944953794
490 409 407.3017006479367
490 408 407.30309844144324
489 409 407.3097205037386
489 409 407.31310806307226
483 409 407.3177500416573
484 409 407.32112147542756
485 409 407.32577942129114
487 409 407.32913473013446
487 409 407.33380864264956
487 409 407.3371478272022
487 409 407.3458374189247
494 409 407.3491524478724
493 409 407.3538662449264
493 409 407.3571651511729
493 409 407.36189491268533
495 409 407.36517769686697
491 408 407.3679138499606
488 409 407.37118454795007
488 409 407.37994161920557
488 409 407.3831881656385
489 409 407.38796977307965
490 409 407.3912001995134
490 409 407.39599776875076
490 409 407.39921207582125
488 410 407.406039919299
488 410 407.4112443219995
487 410 407.418096075788
487 409 407.42126601344705
488 410 407.4281376816647
489 409 407.43128745838845
490 409 407.43215622217116
491 409 407.4352979308494
490 409 407.43817904005874
483 409 407.441308656842
471 408 407.44018826574785
455 408 407.441308656842
436 408 407.44018826574785
415 408 407.441308656842
396 407 407.438183958616
380 407 407.4373080610071
366 406 407.4321758966906
356 406 407.4293165691443
351 406 407.4241682887892
350 406 407.4213249205299
352 406 407.4161605235014
358 406 407.4133331151547
365 406 407.40614321713673
376 406 407.40333577426685
383 406 407.3981350975504
393 407 407.39733921566057
400 407 407.3941260596375
407 407 407.39333818804647
415 407 407.3881075096333
421 407 407.3873316636147
426 407 407.3840983730396
423 407 407.3833305377136
427 407 407.380089196991
430 408 407.3813299600265
432 407 407.3780845941706
434 407 407.3773287751786
437 408 407.374070439606
439 407 407.3733226415299
446 407 407.37006116486634
446 407 407.36932137803404
446 408 407.37006116486634
445 407 407.36932137803404
444 407 407.37206088781295
443 407 407.3713171051688
437 407 407.37606030425746
437 407 407.37530853010713
437 407 407.38205443607
438 407 407.38129068478344
439 407 407.3880484796874
439 407 407.38727275161654
440 408 407.398041635766
447 407 407.39724594061755
448 407 407.4020407971607
450 407 407.40123711152376
452 408 407.4080443845685
457 407 407.4072287036645
458 407 407.4120434477761
455 408 407.41322020769036
458 408 407.4200512939843
461 408 407.42121201528033
465 408 407.42406007679386
467 408 407.4252127691658
470 408 407.43006825839706
472 408 407.43120891753006
473 408 407.43407694264874
475 409 407.4372147951142
475 408 407.4420941928319
476 408 407.4432107668503
478 408 407.4461027587656
480 409 407.44921646752493
482 408 407.45212045211133
485 408 407.4532169464367
487 409 407.4581380565825
491 409 407.4612276033144
495 409 407.46816392108286
497 409 407.4712333404654
500 409 407.4761903367886
500 409 407.4792436431579
500 409 407.4842165943941
500 409 407.4872537883854
500 409 407.49224269390874
499 409 407.4952637761573
499 409 407.50026863534185
499 410 407.5052834013321
498 410 407.5123220040964
498 410 407.517312515677
498 410 407.52437501634785
500 409 407.52733159875305
497 409 407.53039647135057
497 409 407.5333409673373
495 409 407.53641783738476
494 409 407.53935024731044
494 409 407.54243911445434
494 410 407.54736902598205
494 410 407.5504837361712
494 409 407.55338791377994
493 409 407.55650480542994
494 410 407.5614064162602
492 410 407.5665528352148
492 410 407.5714342296329
492 410 407.5745969809802
493 409 407.57745276204867
493 410 407.5806275276976
494 409 407.58347120559245
493 410 407.58665798518854
493 410 407.5914989299948
493 410 407.5947017341657
493 410 407.59952649629025
493 409 407.60273549126225
488 409 407.605534800498
479 410 407.6087656216721
464 409 407.61155282940643
445 408 407.61277746496785
425 408 407.6135522771538
406 408 407.61277746496785
388 407 407.61155282940643
373 407 407.6067621434784
363 407 407.60554952061193
356 407 407.602755157548
355 406 407.5995559369514
353 406 407.5947509008474
357 406 407.59156762622064
362 407 407.58874514679707
369 407 407.58756850522315
379 407 407.5907437968357
389 407 407.5895631637297
399 407 407.59274243707375
408 407 407.59155781247483
417 407 407.5987333823669
423 408 407.5995363098442
429 408 407.60873120617896
434 408 407.60951411859855
437 408 407.6207223714384
440 408 407.62148127889435
442 408 407.6327131839586
445 408 407.6334480878624
447 408 407.6407166952482
447 408 407.6414355778863
447 408 407.64872004940213
447 408 407.6494229114031
447 409 407.65873139498086
445 408 407.6594142173096
443 408 407.6667343954683
441 408 407.6674011985751
439 408 407.67273900059655
436 408 407.67339378477965
434 408 407.6787435172843
433 408 407.67938628289755
433 408 407.68274975634887
433 408 407.6833845032196
434 408 407.68875412559635
438 408 407.6893768544871
437 408 407.6927602662906
439 408 407.69337497683233
441 408 407.6967663676194
444 408 407.69737305996955
447 408 407.7027705304397
450 408 407.70336520563575
453 408 407.7067765334083
456 408 407.70736319080623
458 408 407.71477859082165
461 409 407.7173530768589
463 409 407.7267961277025
466 408 407.7273427181454
468 409 407.7328096783191
470 408 407.7333442337038
472 408 407.7368153861538
474 409 407.7393456609259
475 409 407.74483651348277
476 409 407.74735069648216
475 409 407.74885193278595
477 409 407.75135806027674
478 409 407.75487007286165
478 409 407.75736412724666
478 409 407.758885393359
479 409 407.76137139263204
479 409 407.7629006743167
480 409 407.76537861863653
480 409 407.7689186070512
480 410 407.7733929525074
480 409 407.7749462799637
481 409 407.77740006037607
481 409 407.7789614027745
483 409 407.7814071288685
481 410 407.7849889272394
481 410 407.78943095671326
481 410 407.79302876412345
480 410 407.79745462668103
481 410 407.8010684425014
481 410 407.80547813878127
481 409 407.8070956402169
481 410 407.8114932171481
481 410 407.81513504128003
481 410 407.8195164530506
481 410 407.8231742838628
481 410 407.8275395311111
482 410 407.83121336797456
482 410 407.83556245133894
482 410 407.83925229362467
483 410 407.84358521374344
484 410 407.84729106082256
483 410 407.85160781833383
481 410 407.8553296695775
475 409 407.8576222163808
464 409 407.8593440010636
448 409 407.8616284967244
430 408 407.8593440010636
411 408 407.8596253614716
393 407 407.8533274025685
377 407 407.8516225295665
364 407 407.84932283906096
355 407 407.84762595851896
351 407 407.8453182362333
350 407 407.84362934830796
352 407 407.8453182362333
359 406 407.84163593238
364 406 407.84731071531587
371 407 407.84561785067643
381 407 407.853297921263
390 407 407.85159310710065
399 408 407.8632796781535
408 408 407.8635531645357
416 407 407.87126883845076
423 408 407.87152634132235
428 408 407.8832522854916
433 408 407.8834858142702
436 408 407.8912508807834
439 408 407.89146840795775
442 409 407.90125627379416
445 408 407.9014537851024
447 408 407.90526032745106
449 409 407.9074527389761
449 408 407.91526537683643
449 408 407.9154348636492
447 408 407.9212663235861
446 409 407.9234266378924
445 408 407.9292739987783
442 408 407.92941546301853
440 408 407.93527473945363
439 408 407.93540420022384
437 408 407.9392784592085
436 408 407.9393999113104
436 408 407.94328213966924
437 408 407.9433955832598
438 408 407.947285780837
439 408 407.94739121607336
441 408 407.951289382713
445 408 407.95138680975214
445 408 407.9552929452983
448 408 407.9553823642973
451 408 407.96129330325857
453 409 407.96337335599134
457 408 407.967303397322
460 409 407.9693713993736
463 409 407.9753199930688
465 409 407.9773719215319
469 409 407.98333643129496
471 409 407.9853722868015
472 409 407.99135271200976
474 409 407.9933724951914
476 410 407.9993786588062
479 409 408.0013823505994
479 409 408.00339157299925
481 409 408.00538721933566
481 409 408.01140745968667
481 409 408.0133870352785
482 410 408.0194330119962
482 409 408.0213964977817
483 409 408.025447161157
482 409 408.0273985898496
483 410 408.03147104448385
483 410 408.035417580386
483 410 408.0395060247891
483 410 408.0434364133309
483 410 408.0475408468753
483 409 408.0494479839423
484 410 408.0535644040445
484 410 408.05746654117235
485 409 408.0595878722972
487 409 408.06147085947725
485 410 408.0656112516373
484 410 408.0694891804581
484 410 408.073645559721
483 410 408.07750734388685
483 410 408.08167970962535
483 410 408.08552534977275
483 409 408.08770276288965
483 410 408.0915363003746
483 410 408.09573663605096
483 410 408.0995540306311
483 410 408.10377035105853
484 410 408.1075716033703
485 410 408.11180390792174
486 410 408.11558901860144
485 410 408.1158255374425
483 410 408.11960256767867
474 410 408.119847127334
461 409 408.121609327416
443 409 408.119847127334
424 409 408.121609327416
405 408 408.1218529971013
387 407 408.119612368727
372 407 408.1178510684401
360 407 408.1156184220349
353 407 408.1098372724641
349 407 408.10762061005425
348 407 408.1038292774792
352 407 408.1016245985796
357 406 408.0958250274188
365 407 408.09363631402044
373 408 408.0958250274188
385 407 408.09363631402044
393 407 408.0978211940449
401 408 408.0976255750577
410 408 408.10581558393267
417 408 408.1056039801463
424 408 408.11580098548995
429 408 408.1155694163113
433 408 408.1257861427397
436 408 408.1255346091445
439 409 408.13777684720577
441 409 408.1395031113749
443 408 408.1477761968438
444 409 408.1494824203505
446 409 408.1577851212815
447 408 408.15746961191337
446 408 408.163782502433
446 408 408.16345500301713
445 409 408.16978961494516
443 408 408.1694501062028
440 409 408.1757966390509
438 408 408.17544512133503
437 408 408.17979799959477
436 408 408.179438482636
435 408 408.1837993209139
435 408 408.18343180486886
435 408 408.1878006030095
436 409 408.189426614654
437 409 408.1958128683911
440 408 408.1954213363986
442 408 408.19981403272675
445 409 408.2014159701066
447 408 408.20582061500295
452 408 408.2054090773418
453 409 408.2098265905049
455 409 408.2114084638008
458 409 408.2178384235731
460 409 408.2194042423755
463 409 408.22585009940116
465 409 408.2273998643403
468 409 408.2338616179984
470 409 408.2353953297044
472 409 408.2418729793741
474 410 408.245396789725
475 410 408.25390445285643
477 409 408.2553980047294
478 409 408.25791486522365
479 409 408.25940038166914
479 410 408.2639353185186
480 410 408.2674148153389
481 410 408.2719657238199
481 409 408.2734230880085
481 409 408.27797615304115
481 410 408.28142744925344
481 409 408.28399631051735
480 410 408.2874355157161
481 410 408.29202632125333
481 410 408.295449399084
481 410 408.30005617406357
481 410 408.30346312516133
480 410 408.30808586895745
481 410 408.3114766939572
481 410 408.3161154059443
481 410 408.319490105481
482 410 408.3221399090181
484 410 408.3255025099461
482 410 408.3301691696417
482 410 408.3335156462178
482 410 408.33819827238386
482 410 408.3415286252428
483 410 408.3462272172539
482 410 408.3495414470304
477 410 408.35024653806124
468 410 408.35355269667974
453 409 408.3562656300975
436 409 408.3575541115898
417 409 408.358270338569
400 408 408.3575541115898
385 408 408.3562656300975
372 407 408.35355759439636
362 407 408.35026126077537
357 407 408.3475651941615
355 407 408.3462615705908
355 406 408.34158250170896
359 407 408.34026686954866
365 407 408.33759072610496
374 407 408.33426226497204
383 408 408.3335940135222
393 407 408.32825266425994
403 408 408.32759642228444
412 408 408.324242942725
420 408 408.3235947138005
426 408 408.3202331818144
432 409 408.3215938448517
437 408 408.3202331818144
441 408 408.31959296609807
444 408 408.3202331818144
449 409 408.3215938448517
450 409 408.3282428485882
451 409 408.32958746581176
452 409 408.3362523582494
452 408 408.33558012987305
452 409 408.3442518955204
450 409 408.3455644426666
448 408 408.3542461892144
445 409 408.35553871595766
441 409 408.3682348450488
438 409 408.3694993507718
435 409 408.3802331524621
433 409 408.38147362484506
432 409 408.3922311073727
432 408 408.3914470211148
432 408 408.3962303473476
433 409 408.3974387774732
434 409 408.40623318285094
437 408 408.4054211197496
439 408 408.4102322857146
442 409 408.41141267109566
445 409 408.418240187477
448 409 408.4194045341137
451 409 408.4262479322307
455 409 408.4273962407517
458 408 408.43025174573216
461 409 408.4313920354311
464 409 408.4382592549901
467 409 408.43938350751637
469 409 408.4462666072623
472 409 408.4473748232445
474 409 408.452274471623
478 409 408.45337065569674
476 409 408.4602815491445
477 410 408.4633667784664
478 409 408.4702975345158
478 410 408.4733626566119
479 410 408.4823222799617
480 410 408.4853632628714
480 410 408.4943466714381
480 410 408.4973635165838
481 410 408.50637070897636
481 410 408.50936341778015
480 410 408.5163953754869
480 410 408.51936796191194
481 410 408.52641979600617
480 410 408.52937226104075
480 410 408.5344450417506
480 410 408.5373813985692
480 410 408.54247012985024
480 410 408.5453903790863
480 410 408.5504950603145
480 410 408.55339920260116
481 410 408.55851983315256
480 410 408.5614078691232
475 410 408.56654444837375
465 410 408.5694163786614
451 409 408.5725603539086
433 409 408.5734156794835
415 409 408.5765676384862
396 408 408.57541531521446
380 408 408.5725603539086
367 407 408.5694212737904
357 407 408.56655916329356
352 407 408.56343203962837
348 407 408.5625615905928
349 407 408.5594424315757
353 407 408.5585639787775
359 407 408.55545278456384
368 407 408.552562582571
376 407 408.5494633456272
386 407 408.54455731366835
395 408 408.54346892344273
404 408 408.5405497151085
412 408 408.53946932946394
417 408 408.53654207723554
423 408 408.53546969632885
428 408 408.5325344000483
431 408 408.5314700240362
433 408 408.52852668354564
435 408 408.52747031258497
437 409 408.52652281055066
439 408 408.5254704421745
440 408 408.5225150350727
441 409 408.52347056197397
443 409 408.5245189277264
443 408 408.52347056197397
443 408 408.5205111325893
443 408 408.519470772202
441 408 408.51650329813344
440 409 408.5174708626303
438 409 408.51650329813344
436 408 408.515470943268
436 408 408.50847769991924
436 408 408.5074613761663
436 408 408.5024608506564
439 408 408.5014565457509
438 409 408.49844793331573
440 409 408.49945165201876
442 409 408.49844793331573
443 408 408.49745164443806
447 408 408.4944398823926
449 409 408.4954516270653
452 408 408.4964439127699
455 409 408.49745164443806
458 409 408.50045194403026
461 409 408.50145164980745
464 409 408.50845807723647
467 409 408.5094417513505
471 409 408.52045226627234
473 409 408.5214119235368
474 409 408.53244610316824
476 409 408.53338174499277
478 410 408.54644827828525
478 409 408.5473558842353
479 409 408.55844135202983
480 410 408.56132954551634
482 409 408.57044878851246
483 410 408.5733128827677
484 410 408.58247058646685
485 410 408.5853105533776
486 410 408.5944920307121
485 410 408.59730787169906
485 410 408.6065131212794
486 410 408.6093048377631
485 410 408.6165353309773
486 410 408.6193069349514
486 410 408.6285557730717
487 409 408.62929899849325
484 410 408.6365692046941
483 410 408.63930060629264
482 410 408.64858905749
481 410 408.6512963395565
481 410 408.65861023529027
480 410 408.6612974089913
480 409 408.6686213598596
480 410 408.67128844586085
481 410 408.68064026995813
481 410 408.6832832402128
481 410 408.69265882660227
481 410 408.6952776825296
481 410 408.7046770298232
479 410 408.7072717728423
471 410 408.7146968324159
460 410 408.7172714725914
443 409 408.72470658322464
425 408 408.7232584524644
406 408 408.7267045815286
388 408 408.7252524618463
373 407 408.7267045815286
361 407 408.7232584524644
353 407 408.7227085751537
350 407 408.7192704045162
349 407 408.7187125297102
352 407 408.7152823176545
357 407 408.7147164451969
365 407 408.71129419187815
373 407 408.7087173419017
383 407 408.705307036745
392 408 408.70671925566563
403 407 408.703312930052
410 408 408.70271815054923
417 408 408.7013139200803
422 408 408.70271815054923
426 408 408.7013139200803
430 408 408.6987121028755
432 409 408.6993149003311
435 408 408.6967090643134
436 409 408.69731587080435
438 408 408.69470601593423
439 409 408.6953168314998
440 408 408.69270295773794
440 409 408.6933177824174
440 409 408.69270295773794
441 408 408.69131872355695
439 408 408.68668882071324
437 408 408.6853165945652
436 408 408.6786665645884
433 409 408.67930948360964
432 409 408.67665852412574
430 409 408.67730546239045
430 408 408.67465537747233
430 408 408.6733071782399
431 408 408.67064905470954
433 408 408.6693088549714
435 408 408.6646345931273
436 409 408.6653055986035
438 409 408.66262648371594
441 409 408.6633015087114
444 409 408.66061836443697
447 409 408.6612974089913
450 408 408.65459885130946
455 408 408.653290700075
455 409 408.65058742795225
458 409 408.65128655126
459 409 408.64857924951275
462 409 408.649282392616
465 409 408.6445628630277
467 410 408.64727822414284
470 409 408.64255465498195
471 409 408.6432698577085
473 410 408.6445628630277
475 409 408.6452740458404
475 409 408.64255465498195
477 409 408.6432698577085
479 409 408.6465612531789
480 409 408.6472684357501
479 409 408.6525661728791
480 409 408.6532613353282
480 410 408.66257744551166
480 409 408.6632525686644
479 409 408.6725737617955
479 410 408.6752329172885
479 410 408.6885791277007
479 409 408.68920220627314
478 410 408.6985895181782
479 410 408.7011964748819
478 410 408.71060754700613
478 410 408.7131903915018
478 410 408.7226252224575
478 410 408.7251839561639
478 409 408.7306368097868
478 410 408.73317947042176
478 410 408.73865804589894
480 410 408.7411846144208
476 410 408.7466791246025
469 410 408.74918960164314
458 409 408.75269237896663
443 409 408.7531871435378
426 408 408.75469514319127
409 408 408.7531871435378
392 408 408.75469514319127
378 407 408.7511932704295
366 407 408.74869662665344
358 407 408.7452066997239
354 407 408.74470083527916
353 407 408.7412188659225
356 407 408.74070500484254
362 407 408.73723099321404
368 407 408.7367091353425
377 407 408.73324308159715
387 407 408.7327132267779
395 408 408.73124911119777
405 408 408.7327132267779
413 408 408.73124911119777
421 408 408.7327132267779
427 408 408.73124911119777
432 408 408.7327132267779
437 408 408.73124911119777
441 408 408.7327132267779
444 408 408.73124911119777
447 409 408.7347160888986
450 409 408.73524682855526
452 408 408.7347160888986
453 409 408.73524682855526
453 408 408.7347160888986
454 408 408.7332479747641
450 409 408.7347160888986
447 408 408.7332479747641
443 409 408.7347160888986
440 408 408.7332479747641
438 408 408.73071035484276
437 408 408.7292502378561
436 408 408.7267045815286
435 409 408.727251354739
435 408 408.72470168014934
436 408 408.72325355917786
437 409 408.722698768955
439 408 408.72125464673354
442 408 408.71869291712085
445 408 408.71725679251665
447 408 408.71267916253396
450 408 408.7112550444385
453 409 408.7106761924226
456 408 408.70925607331185
458 409 408.7086732124952
462 409 408.70925607331185
465 409 408.70465741656034
467 409 408.70524831472375
469 409 408.70064158116725
472 409 408.70124051683524
474 409 408.69662570631465
476 409 408.69723267964514
477 409 408.6946177540907
479 409 408.69522874631167
480 409 408.6906018200468
481 409 408.69122085016704
482 410 408.6885938382266
484 410 408.69122085016704
483 409 408.6865858465406
483 409 408.687212914718
483 410 408.6845778449888
483 410 408.687212914718
484 410 408.6845778449888
485 410 408.687212914718
485 410 408.6865858465406
486 410 408.6892168873556
485 410 408.6906018200468
486 410 408.6932248031523
485 410 408.69862384189713
486 410 408.7012307297349
487 410 408.71064186971586
488 410 408.7132246453496
487 410 408.72265954415803
485 409 408.7232144128836
479 410 408.73266909996215
467 409 408.7332039362596
451 409 408.74266370206635
433 408 408.7411797213489
414 408 408.74865250156324
395 407 408.7451626625079
379 407 408.74865250156324
365 407 408.7451626625079
356 406 408.74266370206635
351 407 408.7391857896671
349 407 408.7406657817735
350 407 408.7371918482584
355 406 408.7346768652548
361 407 408.73121485886054
369 407 408.73068093682195
379 407 408.7272268885448
387 407 408.72468206784737
395 407 408.7212399668018
402 408 408.72068113857506
409 407 408.71724700579983
415 408 408.71868311082585
419 408 408.71724700579983
423 407 408.71468212282946
426 407 408.7112599378686
428 408 408.71268406575354
431 408 408.7112599378686
431 408 408.71268406575354
434 408 408.7112599378686
436 408 408.71268406575354
438 408 408.7112599378686
437 408 408.71268406575354
437 408 408.7112599378686
437 409 408.714687026025
435 408 408.7132588991945
433 408 408.714687026025
432 408 408.7132588991945
431 408 408.714687026025
429 407 408.7112648312987
428 407 408.70868792229794
428 408 408.7072717728423
428 408 408.7066849326265
429 408 408.70527278223364
429 408 408.7026789238346
431 408 408.70127477168455
433 408 408.69867287577637
436 408 408.69727672202566
438 408 408.6946667884506
442 408 408.6932786332557
444 408 408.688652680325
447 408 408.68727653304796
450 409 408.68664959246007
452 408 408.6852774446371
456 408 408.68264338727676
459 409 408.68327834644765
462 409 408.6806353663541
464 409 408.6812743446903
467 408 408.6786322391933
469 409 408.67927522691923
470 409 408.6746161480641
472 409 408.67526717431775
473 409 408.67060001746796
474 409 408.67125908240723
474 409 408.6685919373694
475 409 408.6692550217107
475 409 408.6645757475706
474 409 408.6652468708344
474 409 408.6645757475706
474 409 408.6652468708344
475 409 408.66055951830197
475 409 408.6612386806461
476 409 408.6565432495623
477 409 408.6572304511447
477 409 408.65252694135035
477 409 408.65322218232905
478 409 408.650518772442
478 409 408.651218033178
477 409 408.64650240501965
473 409 408.6472097053888
463 408 408.6404826839558
451 408 408.63920272044385
433 408 408.63245952071395
415 408 408.63119557860483
397 408 408.62443619994076
381 407 408.62119377242294
368 407 408.6144239928272
359 406 408.60921183938086
354 406 408.6024325622543
352 406 408.597244239361
353 406 408.5964465242257
358 406 408.5912700976368
364 407 408.59445279360733
372 407 408.5912700976368
381 407 408.59445279360733
389 407 408.5912700976368
397 407 408.59445279360733
405 407 408.5912700976368
412 407 408.5964465242257
418 407 408.59325985630255
422 408 408.5964465242257
426 408 408.5952545000982
430 407 408.5964465242257
433 407 408.59325985630255
436 408 408.594447888969
439 408 408.59325985630255
441 408 408.594447888969
443 408 408.59325985630255
445 408 408.594447888969
445 408 408.59325985630255
445 408 408.5904407797534
445 408 408.58926074971674
444 408 408.5884372104087
443 408 408.5872611817456
441 408 408.5864336312392
439 408 408.58526160398884
436 408 408.5864336312392
435 408 408.58526160398884
435 408 408.5844300422446
436 408 408.58326201644627
437 408 408.582426443425
438 408 408.58126241911776
440 408 408.582426443425
442 408 408.58126241911776
444 408 408.582426443425
447 408 408.58126241911776
449 408 408.5804228347801
452 408 408.5792628120032
454 408 408.5784192163098
457 408 408.57726319510243
460 409 408.5784192163098
462 409 408.5792628120032
464 408 408.5804228347801
466 408 408.5792628120032
469 409 408.5784192163098
471 409 408.5792628120032
473 408 408.57641558801396
476 409 408.57726319510243
477 409 408.57641558801396
479 409 408.57726319510243
