433.0 307.0 433.0
434.0 307.0 433.5002883505385
434.0 307.0 433.66692287976036
438.0 307.0 434.7542409223859
436.0 307.0 435.00367814536924
438.0 307.0 435.50449672381876
439.0 307.0 436.00557008237536
440.0 307.0 436.5068727981267
440.0 307.0 436.8963772388648
441.0 307.0 437.30847236247325
442.0 307.0 437.7370526614434
442.0 307.0 438.09388263247865
442.0 307.0 438.39558883238357
442.0 307.0 438.65402898281593
442.0 307.0 438.8778873445323
443.0 307.0 439.13665299084295
443.0 307.0 439.3648490585419
443.0 307.0 439.5675905553851
444.0 307.0 439.80198893784484
444.0 307.0 440.01284072172257
444.0 307.0 440.20352435793023
444.0 307.0 440.37680146974964
443.0 307.0 440.49117841435776
443.0 307.0 440.59599786350003
443.0 307.0 440.6924097372225
442.0 307.0 440.74277340382145
443.0 307.0 440.82658049858344
443.0 307.0 440.904387108394
443.0 307.0 440.9768154043225
443.0 307.0 441.0444044160028
443.0 307.0 441.10762347058903
444.0 307.0 441.19829725419385
445.0 307.0 441.31398154038845
446.0 307.0 441.4525155998228
447.0 307.0 441.61198223909514
450.0 307.0 441.8471329418002
449.0 307.0 442.0419755047117
450.0 307.0 442.25323181705704
451.0 307.0 442.4796677930596
451.0 307.0 442.6946746912594
450.0 307.0 442.8742870683976
449.0 307.0 443.02112171511
447.0 308.0 443.1140595461194
441.0 307.0 443.0661247591503
435.0 307.0 442.8884735461062
426.0 307.0 442.5281862798955
417.0 307.0 442.00038509658776
411.0 307.0 441.37675233297006
406.0 307.0 440.6831663011698
403.0 306.0 439.9611346471413
400.0 307.0 439.21253062591865
400.0 306.0 438.4915138201738
401.0 306.0 437.8138443038901
403.0 306.0 437.1943376679173
406.0 307.0 436.6470594718972
408.0 307.0 436.15200495764253
412.0 307.0 435.7398225804662
414.0 307.0 435.3741949807917
417.0 307.0 435.06923275282935
420.0 307.0 434.82235836411786
423.0 307.0 434.6311418987332
424.0 307.0 434.4617359446054
426.0 307.0 434.328710277629
427.0 307.0 434.21515044387843
428.0 307.0 434.1202066780051
430.0 307.0 434.0580711044423
429.0 307.0 433.98301087870163
431.0 307.0 433.9392916336678
428.0 307.0 433.8537955832921
427.0 307.0 433.7566467172907
425.0 307.0 433.63454139742805
423.0 307.0 433.4886260202093
424.0 307.0 433.3600483510787
423.0 307.0 433.22169906474045
422.0 307.0 433.0739890596063
422.0 307.0 432.93011773507425
421.0 307.0 432.7772889352927
422.0 307.0 432.6408174491595
422.0 307.0 432.5077594972331
422.0 307.0 432.3779885701861
423.0 307.0 432.26345133266204
424.0 307.0 432.16362924131454
425.0 307.0 432.0780273130618
426.0 307.0 432.006172795405
427.0 307.0 431.94761392612253
428.0 307.0 431.9019187753864
428.0 307.0 431.8572694182944
429.0 307.0 431.82490664620076
430.0 307.0 431.80444491886067
431.0 307.0 431.79551487557933
431.0 307.0 431.7867809183419
432.0 307.0 431.78909908305525
432.0 307.0 431.7913673827171
432.0 307.0 431.79358740914574
432.0 307.0 431.7957606871198
432.0 308.0 431.7978886778705
432.0 307.0 431.7999727823583
432.0 307.0 431.80201434434827
432.0 307.0 431.8040146532997
434.0 307.0 431.82602978514393
432.0 307.0 431.8277526060502
433.0 307.0 431.83926067325507
432.0 307.0 431.8408215368611
433.0 307.0 431.85198229877864
434.0 307.0 431.8724900002866
435.0 307.0 431.9021006296472
435.0 307.0 431.9311558159309
435.0 307.0 431.95967104280396
435.0 307.0 431.9876612237221
436.0 307.0 432.024304871844
435.0 307.0 432.0512044228592
436.0 307.0 432.0866211933502
436.0 307.0 432.1214082921891
435.0 307.0 432.14674245855866
434.0 307.0 432.162891994895
432.0 307.0 432.16148801592436
429.0 307.0 432.1345647495489
423.0 307.0 432.0579645669811
417.0 307.0 431.9336141802621
408.0 306.0 431.73964955746186
399.0 306.0 431.4792545504801
390.0 306.0 431.15548144529936
384.0 306.0 430.7929161271873
379.0 306.0 430.40016076564933
376.0 306.0 429.9922696979563
375.0 306.0 429.5835377118354
375.0 306.0 429.18086233943984
377.0 306.0 428.7978107453442
380.0 306.0 428.4409088813774
384.0 306.0 428.11666274869157
387.0 306.0 427.81776280086706
392.0 306.0 427.5576959117136
394.0 306.0 427.3152153072515
397.0 306.0 427.09695148777314
399.0 306.0 426.8956243323115
400.0 307.0 426.704049181907
404.0 307.0 426.54270458198766
405.0 306.0 426.39051298688315
407.0 306.0 426.25416304218237
408.0 307.0 426.126548943252
409.0 306.0 426.00750834125046
410.0 307.0 425.89688297706226
410.0 307.0 425.78777667898214
411.0 307.0 425.68685510726203
412.0 306.0 425.5939703358201
412.0 306.0 425.5023380970161
412.0 307.0 425.4119332190507
412.0 306.0 425.3227312002918
413.0 307.0 425.24121855686985
415.0 307.0 425.1737605575709
416.0 307.0 425.113658350983
416.0 307.0 425.0543386315139
419.0 307.0 425.01504779204373
419.0 307.0 424.97626366107164
420.0 307.0 424.94434550208285
421.0 307.0 424.9191778353946
422.0 307.0 424.9006478102312
422.0 307.0 424.88235154949405
423.0 307.0 424.87053892070145
425.0 307.0 424.87134817495047
427.0 306.0 424.88460252854367
428.0 307.0 424.9039034422887
429.0 307.0 424.9291532433067
432.0 307.0 424.9726246563619
431.0 307.0 425.0094116604949
432.0 307.0 425.0518678484378
432.0 307.0 425.09381141460295
433.0 306.0 425.14130704082487
434.0 307.0 425.1942681651216
433.0 307.0 425.2406031745267
434.0 307.0 425.29235214769807
434.0 307.0 425.3434932020264
434.0 307.0 425.39403698829904
435.0 307.0 425.4498633292724
435.0 307.0 425.5050444555774
437.0 307.0 425.5712337552904
438.0 307.0 425.64247218093004
439.0 307.0 425.71868513891246
439.0 307.0 425.79403314186766
440.0 307.0 425.87426417769
441.0 307.0 425.9593073190357
441.0 307.0 426.04339922357445
440.0 307.0 426.12090692948215
441.0 307.0 426.20317542121904
441.0 307.0 426.28453890342786
441.0 307.0 426.3650122323758
441.0 307.0 426.4446099408381
442.0 307.0 426.52885213327323
443.0 307.0 426.617674518579
443.0 307.0 426.7055437331833
443.0 307.0 426.7924750436993
443.0 307.0 426.87848339232715
443.0 307.0 426.9635834054283
441.0 307.0 427.0371190317392
438.0 307.0 427.09405677594407
436.0 307.0 427.1399665454032
426.0 307.0 427.1341875958865
417.0 307.0 427.08360901691026
407.0 306.0 426.9850479299935
399.0 306.0 426.84968665796157
393.0 306.0 426.68792702006067
389.0 306.0 426.50955556716315
387.0 306.0 426.3239014710731
386.0 306.0 426.13554181738937
386.0 306.0 425.9489377389919
387.0 306.0 425.76847142800034
390.0 306.0 425.60290285414453
393.0 306.0 425.45213506429747
397.0 306.0 425.32053209776205
401.0 306.0 425.20801632007965
403.0 306.0 425.1055012626765
407.0 306.0 425.0219084253298
409.0 306.0 424.9480995650453
412.0 307.0 424.8885120399837
412.0 306.0 424.8294705758623
413.0 306.0 424.7754635621559
415.0 306.0 424.73093136160867
416.0 306.0 424.6912910109536
417.0 306.0 424.65648755210526
418.0 306.0 424.62646686662896
419.0 307.0 424.6011756590421
420.0 307.0 424.58056144052705
420.0 307.0 424.56013111541154
420.0 307.0 424.5398822338637
421.0 306.0 424.52421472619073
422.0 306.0 424.5130786940502
423.0 307.0 424.50642497589473
426.0 307.0 424.51298721686885
425.0 307.0 424.5151151248119
426.0 307.0 424.52158238780214
427.0 307.0 424.53234265095745
427.0 307.0 424.54300988401553
430.0 307.0 424.5665803097081
430.0 307.0 424.58994798702423
430.0 306.0 424.61311552087085
431.0 307.0 424.6403812519842
433.0 307.0 424.67599960599404
434.0 307.0 424.7156043022379
435.0 307.0 424.7591540062838
437.0 307.0 424.81088929859914
438.0 307.0 424.86646181293713
439.0 307.0 424.92583212828725
439.0 307.0 424.98470560715475
439.0 307.0 425.0430884618409
440.0 307.0 425.105206666178
440.0 307.0 425.166810879178
441.0 307.0 425.2321014234128
441.0 307.0 425.2968555286773
443.0 307.0 425.36942602210786
443.0 307.0 425.44140372088845
443.0 307.0 425.5127958619236
444.0 307.0 425.5877448557801
445.0 307.0 425.6662157991015
445.0 307.0 425.7440545679998
445.0 307.0 425.82126877503015
448.0 307.0 425.9101513597087
449.0 307.0 426.0024204823364
450.0 307.0 426.0980434543896
451.0 307.0 426.1969880077434
455.0 307.0 426.3114968044989
452.0 307.0 426.4128735126532
452.0 307.0 426.5134525320857
453.0 307.0 426.6172762327238
453.0 307.0 426.72028841555516
453.0 307.0 426.82249856704937
453.0 308.0 426.9239160262493
452.0 307.0 427.0205812124589
452.0 307.0 427.116503383663
451.0 308.0 427.2077622409957
451.0 307.0 427.29832583250226
450.0 307.0 427.38431247941884
449.0 307.0 427.46578380442264
447.0 307.0 427.5389663709821
444.0 307.0 427.6001952844494
438.0 307.0 427.6384709286359
429.0 307.0 427.6434118294814
420.0 307.0 427.6160640047867
412.0 307.0 427.560913242048
404.0 306.0 427.4787843988414
400.0 306.0 427.38378955153246
397.0 306.0 427.2794929838725
394.0 306.0 427.1660613527615
395.0 306.0 427.0566657479044
396.0 307.0 426.95127455609077
398.0 306.0 426.85312400600304
400.0 307.0 426.76217562648935
403.0 307.0 426.68167801699747
406.0 306.0 426.61160126435067
408.0 307.0 426.5486013838992
412.0 307.0 426.4992864933192
415.0 307.0 426.4603009849231
420.0 307.0 426.4383436780798
420.0 307.0 426.4165351313749
423.0 307.0 426.4049606608611
424.0 307.0 426.39683116449004
425.0 307.0 426.39211984377107
427.0 307.0 426.3941680323343
428.0 307.0 426.3995668431511
428.0 307.0 426.4049294738496
428.0 307.0 426.4102562869081
427.0 307.0 426.4122169187247
426.0 307.0 426.41085261961626
425.0 307.0 426.40620401804955
425.0 307.0 426.4015859492082
426.0 307.0 426.40026989195775
426.0 307.0 426.3989624323665
427.0 307.0 426.40092158476716
427.0 306.0 426.402868006485
427.0 307.0 426.4048018212051
428.0 307.0 426.409957215944
429.0 307.0 426.41831053872556
431.0 307.0 426.43307407689036
433.0 307.0 426.4542156938621
435.0 307.0 426.48170337319505
437.0 307.0 426.51550521695714
439.0 307.0 426.5555894441848
441.0 307.0 426.601924389406
442.0 307.0 426.65121704536284
443.0 307.0 426.70344587430174
444.0 307.0 426.75858954448705
446.0 307.0 426.8198785468426
446.0 307.0 426.8807781544678
447.0 307.0 426.9445298618397
450.0 307.0 427.01760379475843
449.0 307.0 427.08697727025833
448.0 307.0 427.1526932057007
448.0 307.0 427.21799719274736
448.0 307.0 427.28289309508676
448.0 307.0 427.34738472821215
449.0 307.0 427.41465566682183
448.0 307.0 427.4783399399609
447.0 307.0 427.538478505046
447.0 307.0 427.5982474955449
446.0 308.0 427.6545243716812
445.0 307.0 427.7073486852932
445.0 307.0 427.75985210329003
446.0 307.0 427.8151275759067
446.0 307.0 427.8700688970755
446.0 307.0 427.92467908903234
446.0 307.0 427.9789611376599
446.0 307.0 428.032917993033
446.0 307.0 428.0865525699541
445.0 307.0 428.1368340706586
444.0 307.0 428.1837996457477
444.0 307.0 428.2304878504538
443.0 307.0 428.2739082204609
443.0 307.0 428.3170739652391
442.0 307.0 428.35701888983203
440.0 307.0 428.3908319176079
437.0 307.0 428.41567598370096
431.0 307.0 428.42306087361715
422.0 307.0 428.4049499438162
412.0 306.0 428.359364368859
402.0 306.0 428.2871878240549
393.0 306.0 428.1918715637178
387.0 307.0 428.08171539576387
380.0 306.0 427.9545775525474
377.0 306.0 427.8206987504574
374.0 306.0 427.68018731101444
373.0 306.0 427.5379840175347
373.0 306.0 427.39652163254806
375.0 306.0 427.2606305392995
378.0 306.0 427.1327301273054
380.0 306.0 427.01037123570796
382.0 306.0 426.8935384269536
384.0 306.0 426.78221625237575
384.0 306.0 426.6714719302523
385.0 306.0 426.5637503963199
386.0 306.0 426.45903548065365
386.0 306.0 426.3548610811979
386.0 306.0 426.2512230144259
389.0 306.0 426.15545020794406
389.0 306.0 426.06016957293104
390.0 306.0 425.9678222137176
391.0 306.0 425.8783926584364
393.0 306.0 425.7943171672385
395.0 306.0 425.7155810728212
397.0 306.0 425.6421696845328
399.0 306.0 425.57406828770075
401.0 306.0 425.511262142997
401.0 307.0 425.44877649056986
402.0 306.0 425.3890796787661
403.0 306.0 425.3321571010471
406.0 306.0 425.2829542149948
409.0 306.0 425.24146845469636
412.0 306.0 425.20769688733054
414.0 307.0 425.1791171421131
418.0 307.0 425.1607700768865
418.0 307.0 425.14251655537043
419.0 307.0 425.1268800047394
420.0 307.0 425.1138466442791
421.0 307.0 425.10340278716245
424.0 307.0 425.10059878100554
427.0 307.0 425.10543033881993
429.0 307.0 425.11533505775327
431.0 307.0 425.13029791114656
433.0 307.0 425.1503038413864
434.0 307.0 425.17277008542135
435.0 307.0 425.1976836430775
436.0 307.0 425.225031600916
437.0 307.0 425.2548011313768
439.0 307.0 425.2895443311685
439.0 307.0 425.3241122911772
440.0 307.0 425.3610638662939
440.0 307.0 425.39782977848733
441.0 307.0 425.4369616927803
441.0 307.0 425.47589774009475
442.0 307.0 425.51718243687833
444.0 307.0 425.5633516401156
444.0 307.0 425.6092906559758
445.0 307.0 425.65754200494723
447.0 307.0 425.7106394532433
448.0 307.0 425.76601811226874
449.0 307.0 425.82366618823613
449.0 307.0 425.88102869511533
449.0 307.0 425.9381077511325
449.0 307.0 425.99490545360055
450.0 307.0 426.0539478835715
450.0 307.0 426.1127003656284
452.0 307.0 426.176204336724
451.0 307.0 426.2368811586551
451.0 307.0 426.297261837602
451.0 307.0 426.35734853815086
451.0 307.0 426.4171434038262
452.0 307.0 426.4791395491557
453.0 308.0 426.5433259590259
453.0 307.0 426.607202140368
453.0 307.0 426.67077033900773
452.0 307.0 426.73156102499047
453.0 308.0 426.79452602143397
452.0 307.0 426.8547300392073
452.0 307.0 426.91464690350074
451.0 307.0 426.97183653220725
449.0 307.0 427.0238987905113
446.0 307.0 427.06848894863873
439.0 307.0 427.09623617415366
429.0 307.0 427.1006023001207
417.0 307.0 427.0778136406872
405.0 307.0 427.02881958512387
395.0 306.0 426.95875093502883
388.0 306.0 426.87443123868576
383.0 306.0 426.78025861123365
381.0 306.0 426.68244862412917
381.0 306.0 426.5850569473933
381.0 306.0 426.4880808956652
383.0 306.0 426.3955352326848
385.0 306.0 426.3074139464177
389.0 306.0 426.22777487093515
392.0 306.0 426.1545982951573
396.0 306.0 426.08995398728763
398.0 306.0 426.02971904288614
402.0 306.0 425.97805211648614
401.0 306.0 425.92452616250563
402.0 306.0 425.8733059106014
403.0 306.0 425.8243821055863
403.0 306.0 425.7756672939978
404.0 306.0 425.7292340725294
405.0 307.0 425.68507333401845
406.0 306.0 425.6431760169078
406.0 307.0 425.60145676442414
407.0 307.0 425.5619864818694
409.0 307.0 425.5268341480788
409.0 306.0 425.4918307748757
409.0 307.0 425.456975417062
411.0 306.0 425.42641227134044
412.0 306.0 425.39805393518844
413.0 306.0 425.371891704984
414.0 306.0 425.34791691902103
416.0 307.0 425.3282038890134
416.0 306.0 425.3085738363658
417.0 306.0 425.2911054984996
419.0 307.0 425.2778752609177
421.0 307.0 425.2688765194935
424.0 307.0 425.26620355003115
425.0 307.0 425.2656432965412
427.0 307.0 425.26929431723096
428.0 307.0 425.2750374079673
429.0 306.0 425.28286427312287
430.0 307.0 425.2927666555356
431.0 307.0 425.3047363361946
432.0 307.0 425.31876513393104
434.0 307.0 425.3369594164645
435.0 306.0 425.35719248747654
439.0 307.0 425.3858311837629
437.0 307.0 425.41010413603357
439.0 307.0 425.4385125767754
439.0 307.0 425.4668024652452
439.0 307.0 425.49497454218624
441.0 307.0 425.52725864832763
441.0 307.0 425.5594085484207
442.0 307.0 425.5935378626753
443.0 307.0 425.6296388069025
444.0 307.0 425.6677036313741
444.0 307.0 425.705610964288
444.0 307.0 425.7433617814964
445.0 307.0 425.78306181177106
445.0 307.0 425.82259840439565
446.0 307.0 425.86407319160105
446.0 307.0 425.90537773261696
447.0 307.0 425.94860957631965
448.0 307.0 425.96340881735676
448.0 307.0 426.0086196311056
449.0 307.0 426.0154037690386
449.0 307.0 426.06261042245893
450.0 307.0 426.0675240735209
450.0 307.0 426.116730485908
451.0 307.0 426.113568837105
452.0 307.0 426.1669109632985
452.0 307.0 426.1618352452966
451.0 307.0 426.2129561615883
451.0 308.0 426.19962722237216
453.0 308.0 426.2549096491441
452.0 308.0 426.24378885218977
453.0 308.0 426.29897724484397
454.0 307.0 426.29012484584035
457.0 307.0 426.3537521823867
455.0 307.0 426.3450670905727
455.0 308.0 426.4042987588188
455.0 307.0 426.3915471758393
455.0 308.0 426.45067944605273
456.0 307.0 426.44016277181225
456.0 308.0 426.50132707882636
456.0 307.0 426.49508098947217
456.0 307.0 426.5561276080793
455.0 307.0 426.54993106009846
454.0 308.0 426.6065939481011
452.0 307.0 426.59202936651087
452.0 308.0 426.64435540623293
451.0 307.0 426.62774695152905
449.0 307.0 426.673662182235
446.0 307.0 426.64449727391093
442.0 307.0 426.6757597989368
436.0 307.0 426.6175325019779
427.0 307.0 426.618297779174
418.0 307.0 426.51122570373525
409.0 307.0 426.4769208292519
404.0 307.0 426.33827255512796
400.0 306.0 426.28722007585446
398.0 307.0 426.13046399511194
398.0 306.0 426.0760565908392
400.0 306.0 425.92890823439006
401.0 307.0 425.8805067152053
405.0 307.0 425.76546179430034
408.0 307.0 425.7306707297467
411.0 307.0 425.68234037815057
414.0 307.0 425.659295681417
416.0 307.0 425.68620542716906
422.0 307.0 425.67886487351
421.0 307.0 425.75229657169456
422.0 307.0 425.7448249832286
423.0 307.0 425.83939740795415
423.0 307.0 425.83373750796216
425.0 307.0 425.9249065881264
426.0 307.0 425.92505678816315
428.0 307.0 426.0033799860267
428.0 307.0 426.0073825651382
428.0 307.0 426.0627147190276
428.0 307.0 426.0665980806287
426.0 307.0 426.0965107495553
426.0 307.0 426.0963177498721
425.0 307.0 426.104496672082
425.0 307.0 426.1022905359698
425.0 307.0 426.0984884315918
425.0 307.0 426.09629428099936
426.0 307.0 426.0844187056451
427.0 307.0 426.0862518317154
428.0 307.0 426.0743323333931
429.0 307.0 426.080203717563
430.0 307.0 426.082393924961
430.0 307.0 426.09026508475876
430.0 307.0 426.1064884262594
432.0 307.0 426.1183567977329
433.0 307.0 426.1427193258955
434.0 307.0 426.1585784658101
435.0 307.0 426.1930654739894
436.0 307.0 426.2129045441961
435.0 307.0 426.2494776940717
436.0 307.0 426.26920132704873
436.0 307.0 426.3059482613937
440.0 307.0 426.33377534509276
437.0 307.0 426.36673555329423
438.0 307.0 426.3903188394408
437.0 307.0 426.41540802414823
438.0 307.0 426.4388912845544
439.0 307.0 426.46017464837473
438.0 307.0 426.48356592018877
439.0 307.0 426.50091448919574
438.0 307.0 426.524222055442
438.0 307.0 426.53151849839315
438.0 307.0 426.55476318990975
437.0 307.0 426.55601515877873
438.0 307.0 426.57920952620276
438.0 307.0 426.5805385994814
438.0 307.0 426.60368259076245
437.0 307.0 426.6030054377219
436.0 307.0 426.6220059959402
435.0 308.0 426.6172694455516
435.0 307.0 426.6341992855237
434.0 307.0 426.62337841945333
434.0 307.0 426.6382589501321
434.0 307.0 426.62948260857655
435.0 307.0 426.64638753890796
436.0 307.0 426.6417142106585
436.0 307.0 426.66063563445834
437.0 307.0 426.6498965997028
438.0 307.0 426.67289813157805
439.0 308.0 426.66425767523003
440.0 307.0 426.6913451196309
440.0 307.0 426.6827607915668
439.0 307.0 426.70775010538534
439.0 307.0 426.6971348506802
440.0 307.0 426.7241544604664
435.0 307.0 426.70536314167384
431.0 307.0 426.7139955520559
423.0 307.0 426.6811991304313
412.0 307.0 426.65234090533244
402.0 307.0 426.6069326088124
393.0 307.0 426.54236131948255
385.0 307.0 426.5184239067097
379.0 306.0 426.4286716439222
377.0 306.0 426.4584406518488
375.0 306.0 426.3617220154736
375.0 306.0 426.435303576372
377.0 306.0 426.3421536747217
379.0 306.0 426.44415958303966
383.0 306.0 426.361689179504
385.0 306.0 426.47273064049466
388.0 306.0 426.39924953029646
390.0 306.0 426.49807645338433
392.0 306.0 426.4318656010594
394.0 306.0 426.51092029426457
396.0 306.0 426.4520770262469
399.0 306.0 426.51837222291766
399.0 306.0 426.46510759967225
401.0 307.0 426.5202539787627
402.0 307.0 426.4726204576327
403.0 307.0 426.51267052249744
403.0 307.0 426.4669389296197
404.0 306.0 426.4974280253334
406.0 307.0 426.45741639699503
408.0 306.0 426.48784010275256
410.0 307.0 426.45550060938365
412.0 307.0 426.4897736805751
416.0 306.0 426.4690516321202
415.0 307.0 426.50338365896357
416.0 307.0 426.48263505094786
417.0 307.0 426.52090237211195
418.0 307.0 426.5040304616124
420.0 307.0 426.54047117136986
421.0 307.0 426.52946205391254
423.0 306.0 426.564098184223
424.0 307.0 426.5589853701361
426.0 307.0 426.5878930079027
427.0 307.0 426.58871761920756
427.0 307.0 426.6137698401617
429.0 307.0 426.6185556208262
431.0 307.0 426.64579133342573
433.0 307.0 426.6585941944683
434.0 307.0 426.6840500383325
436.0 307.0 426.7028849211123
437.0 307.0 426.7205700335754
439.0 307.0 426.74548152265186
439.0 307.0 426.75526723900254
440.0 307.0 426.7821669189096
441.0 307.0 426.79211921736805
442.0 307.0 426.823075758563
442.0 307.0 426.83112541055215
443.0 307.0 426.86407438434077
442.0 307.0 426.86813984840245
442.0 307.0 426.89893886024123
441.0 308.0 426.8989663315078
441.0 307.0 426.927633212
441.0 307.0 426.92567862584735
441.0 307.0 426.9542902934692
441.0 307.0 426.94625681978386
445.0 307.0 426.9831261302957
442.0 307.0 426.96696544247817
442.0 308.0 426.9975597119965
441.0 308.0 426.9752354685302
442.0 307.0 427.0058126068075
443.0 307.0 426.9814566566765
443.0 307.0 427.0140934442328
443.0 307.0 426.9918219732834
444.0 307.0 427.0265143992818
444.0 307.0 427.0042825483478
445.0 308.0 427.04103081554115
442.0 307.0 427.012598782563
443.0 307.0 427.04517091286726
442.0 307.0 427.01052208574896
443.0 307.0 427.0430985275374
443.0 307.0 427.01052208574896
445.0 307.0 427.0472573381077
446.0 308.0 427.0250962949736
446.0 307.0 427.063887492258
447.0 307.0 427.06448007330295
448.0 307.0 427.1073752582598
449.0 307.0 427.17459928763685
448.0 307.0 427.21726322797394
447.0 307.0 427.3520416881966
444.0 307.0 427.3859847959453
439.0 307.0 427.54915338135595
431.0 307.0 427.5560828710077
419.0 307.0 427.6957368113144
407.0 307.0 427.6553448748186
397.0 307.0 427.75311507329764
388.0 306.0 427.6772965683355
382.0 306.0 427.7294998595493
381.0 306.0 427.6411369360997
376.0 306.0 427.65482728785514
377.0 306.0 427.55950696949776
377.0 306.0 427.5521906755981
380.0 306.0 427.4623655949141
383.0 306.0 427.4445222941552
387.0 307.0 427.3674531360571
389.0 306.0 427.35256689631075
391.0 306.0 427.2829484077266
392.0 306.0 427.26173381003446
391.0 306.0 427.1922822336565
390.0 307.0 427.15939683050544
391.0 306.0 427.0901333442392
390.0 306.0 427.0491798423315
390.0 306.0 426.97828984621685
390.0 306.0 426.93513232624565
392.0 306.0 426.8681154642497
393.0 306.0 426.82431278920365
395.0 306.0 426.76303260708977
398.0 307.0 426.7163668239489
401.0 307.0 426.66648098954295
403.0 307.0 426.6250342392947
405.0 307.0 426.58287823118263
407.0 307.0 426.5428602417892
409.0 306.0 426.5084946399075
411.0 306.0 426.4639269175341
411.0 307.0 426.4335587169471
413.0 307.0 426.3906823888816
415.0 307.0 426.368204724508
415.0 306.0 426.31689879289655
416.0 306.0 426.296514177632
417.0 307.0 426.2387440553331
422.0 307.0 426.2303086360706
422.0 307.0 426.1719830282564
424.0 307.0 426.16765010967225
427.0 307.0 426.11711017414723
428.0 307.0 426.120884257038
430.0 307.0 426.0721569944836
433.0 307.0 426.08612509679307
434.0 307.0 426.04130831738087
435.0 307.0 426.0594136971979
436.0 307.0 426.01031628255004
437.0 307.0 426.03257856647537
437.0 307.0 425.98339134219634
438.0 307.0 426.00776284006844
438.0 307.0 425.95431228279
438.0 307.0 425.97874360113326
437.0 307.0 425.91687024667317
438.0 307.0 425.9413785956936
438.0 307.0 425.86884429961555
438.0 307.0 425.8934514640956
437.0 307.0 425.8038701934771
437.0 307.0 425.82655624091836
437.0 307.0 425.74110557703483
437.0 307.0 425.7639205005516
437.0 307.0 425.6740711267945
438.0 307.0 425.6990791627344
437.0 307.0 425.60908612055823
437.0 307.0 425.632172186267
437.0 307.0 425.5462927750507
437.0 307.0 425.56950783626405
437.0 307.0 425.4877432303762
438.0 307.0 425.5131349324014
438.0 307.0 425.4396688411264
442.0 307.0 425.473432778123
439.0 307.0 425.41880108032984
439.0 307.0 425.446396153499
439.0 307.0 425.4413104262848
440.0 307.0 425.4709249760787
441.0 307.0 425.5400694428232
441.0 307.0 425.5715498009706
442.0 307.0 425.69692945980125
442.0 307.0 425.73015866861016
443.0 307.0 425.8822929577019
444.0 307.0 425.91929752008184
443.0 307.0 426.0717524978077
443.0 307.0 426.1062801696309
443.0 307.0 426.24596566594386
443.0 307.0 426.2801308998579
442.0 307.0 426.39725284582795
442.0 307.0 426.4290280926006
442.0 308.0 426.5253518274184
442.0 307.0 426.5568613913038
443.0 307.0 426.62632835784547
444.0 307.0 426.6617817428695
446.0 307.0 426.72196248439457
446.0 307.0 426.7613876629422
445.0 307.0 426.8077549898067
444.0 307.0 426.8428305594461
441.0 307.0 426.8690341834242
436.0 307.0 426.88749103247335
428.0 307.0 426.8852586446341
418.0 307.0 426.8676727043171
406.0 307.0 426.82834591173474
396.0 306.0 426.7689117074954
388.0 306.0 426.70181729372035
385.0 306.0 426.6224818267317
378.0 306.0 426.5330783583704
378.0 306.0 426.44152471352976
378.0 306.0 426.34771107803897
379.0 306.0 426.2582644360107
382.0 306.0 426.1691804209701
385.0 306.0 426.0908119168964
388.0 306.0 426.0021357214991
391.0 306.0 425.9350020836512
395.0 306.0 425.84261395934465
397.0 307.0 425.7868786141724
397.0 306.0 425.6814694426499
398.0 306.0 425.62790322064177
400.0 306.0 425.51327251941314
401.0 307.0 425.4656554881957
403.0 306.0 425.34799144659814
404.0 306.0 425.3063648712537
406.0 306.0 425.1835769973913
405.0 306.0 425.14416613661774
406.0 307.0 425.0104513627107
407.0 307.0 424.9751922171458
410.0 307.0 424.8487930946585
412.0 306.0 424.8234833433764
413.0 307.0 424.70467636258553
415.0 307.0 424.68548833224804
416.0 306.0 424.57011855657277
416.0 307.0 424.5531509717011
416.0 307.0 424.4417104044584
417.0 307.0 424.4269572022965
419.0 307.0 424.3253681269506
420.0 307.0 424.3167613941264
422.0 307.0 424.2272026153883
427.0 307.0 424.2327662969941
426.0 307.0 424.1468248827477
428.0 307.0 424.1545661666275
429.0 307.0 424.0745127743113
430.0 307.0 424.0864463762076
431.0 307.0 424.0103082272481
431.0 307.0 424.0244025996617
433.0 307.0 423.95852587644305
433.0 307.0 423.976801252144
434.0 307.0 423.9170689683602
435.0 307.0 423.93952398897653
434.0 307.0 423.88390052258944
434.0 307.0 423.9043736504732
435.0 307.0 423.8673815171774
436.0 307.0 423.8919933190529
435.0 307.0 423.90396452768
436.0 307.0 423.92850104705155
436.0 307.0 424.01940393078667
437.0 307.0 424.0457616814487
437.0 307.0 424.20302499254484
438.0 307.0 424.2310667548995
438.0 307.0 424.43246085526414
438.0 307.0 424.4600287424011
440.0 307.0 424.6836686721939
441.0 307.0 424.716926905439
443.0 307.0 424.94542617901055
444.0 307.0 424.9843879485457
444.0 307.0 425.19762468772115
444.0 307.0 425.2360591483276
443.0 307.0 425.4332272657173
443.0 307.0 425.4690846583333
444.0 307.0 425.66328296074806
447.0 307.0 425.70702366768626
445.0 307.0 425.8982444543045
447.0 307.0 425.9414912872424
447.0 308.0 426.13180429212105
447.0 307.0 426.17456047962315
447.0 307.0 426.3579413924136
447.0 308.0 426.400222795439
447.0 307.0 426.5747766572237
448.0 307.0 426.6187009496888
448.0 307.0 426.7809038368042
449.0 307.0 426.82649636591213
448.0 307.0 426.97409259989416
448.0 307.0 427.0171776404317
448.0 307.0 427.15945312821253
449.0 307.0 427.2042485743792
449.0 307.0 427.3375911778267
448.0 307.0 427.3799129580144
448.0 307.0 427.48852719314414
448.0 307.0 427.53053224302005
446.0 307.0 427.61390916412114
447.0 307.0 427.6535583857569
448.0 307.0 427.7315894638254
449.0 307.0 427.77518160828356
449.0 308.0 427.8476753080856
449.0 307.0 427.8910235094913
447.0 307.0 427.93971631715044
443.0 307.0 427.97036579651166
437.0 307.0 427.980493253151
433.0 307.0 427.99059101807364
424.0 307.0 427.96040496339475
415.0 307.0 427.9348758865068
405.0 307.0 427.8595489026444
401.0 306.0 427.80751279050725
392.0 306.0 427.6974001934832
389.0 306.0 427.6235002896824
388.0 306.0 427.499491966087
388.0 307.0 427.42413595865173
391.0 306.0 427.3010230840283
393.0 306.0 427.2351694324801
397.0 306.0 427.11857669400683
400.0 307.0 427.06605812215986
403.0 306.0 426.9499555323295
405.0 307.0 426.90718194942565
407.0 306.0 426.7899616236134
409.0 307.0 426.7551218204651
410.0 307.0 426.6328106348836
412.0 306.0 426.6040459254928
412.0 307.0 426.4831435631272
414.0 307.0 426.4585419475145
415.0 307.0 426.3410246958148
417.0 306.0 426.32254690550906
418.0 307.0 426.20423989938956
419.0 307.0 426.18995295525207
421.0 307.0 426.07726725953205
421.0 307.0 426.0671731077155
422.0 307.0 425.9561918257668
425.0 307.0 425.9542815843034
425.0 307.0 425.84264454823176
426.0 307.0 425.84295931716423
427.0 307.0 425.7329504398037
429.0 307.0 425.73950955954274
429.0 307.0 425.6354273719096
431.0 307.0 425.64622399358836
432.0 307.0 425.5501449320672
436.0 307.0 425.5713007240972
435.0 307.0 425.4896719332253
436.0 307.0 425.51095168044736
437.0 307.0 425.46477474533447
437.0 307.0 425.48815729700397
440.0 307.0 425.5275071233789
441.0 307.0 425.5590135339633
441.0 307.0 425.6897456117989
442.0 307.0 425.72298974802857
443.0 307.0 425.91184275104536
445.0 307.0 425.9508727541241
444.0 307.0 426.1584165448149
446.0 308.0 426.1990215849867
446.0 307.0 426.4075336688355
447.0 307.0 426.44971098594965
448.0 307.0 426.64472743360346
449.0 307.0 426.69060688044215
450.0 307.0 426.86454605807063
450.0 307.0 426.91206822951256
449.0 307.0 427.061896834001
449.0 307.0 427.10689762634365
449.0 307.0 427.251426636736
450.0 307.0 427.2981324555491
450.0 307.0 427.43943071956727
451.0 308.0 427.4878477804954
451.0 308.0 427.6258970357517
451.0 307.0 427.6739201775109
450.0 307.0 427.80447793669174
451.0 307.0 427.85212398678124
451.0 308.0 427.97746602227284
452.0 308.0 428.0268566340201
453.0 308.0 428.1529093999658
456.0 308.0 428.2104108963256
453.0 308.0 428.32717908707286
453.0 308.0 428.3779429429111
452.0 308.0 428.4851678625018
451.0 308.0 428.5313780809989
451.0 308.0 428.62706671960103
451.0 308.0 428.67297792139874
452.0 307.0 428.76322814768434
453.0 308.0 428.81306883069686
454.0 308.0 428.8901251823804
455.0 308.0 428.94393106791944
455.0 308.0 429.00948273032975
456.0 308.0 429.0651582219186
456.0 308.0 429.12308869425914
457.0 308.0 429.18064961039425
457.0 308.0 429.23290621240943
458.0 308.0 429.2923642460928
458.0 308.0 429.33688675054384
458.0 308.0 429.3961224789996
457.0 308.0 429.4224531700376
457.0 308.0 429.47937552343535
457.0 307.0 429.50179928747957
456.0 307.0 429.5564270267644
456.0 308.0 429.5727849330195
455.0 308.0 429.6251412568869
453.0 308.0 429.627064824435
449.0 307.0 429.6666824411686
443.0 307.0 429.64161091269466
438.0 307.0 429.65848996615904
431.0 307.0 429.60273861563326
423.0 307.0 429.58963441870895
415.0 307.0 429.50008456959654
412.0 307.0 429.4657960769402
405.0 307.0 429.3526818955505
403.0 307.0 429.3015909590832
401.0 307.0 429.17641219616337
401.0 307.0 429.1219057563946
404.0 307.0 428.99568832472244
407.0 307.0 428.9528225807589
410.0 307.0 428.8334364674295
413.0 307.0 428.8023530719019
416.0 307.0 428.690004829225
418.0 307.0 428.6688908703313
419.0 307.0 428.5557724499816
421.0 307.0 428.540793857481
423.0 307.0 428.43526179236716
424.0 308.0 428.42643709276393
425.0 307.0 428.32249803699233
425.0 307.0 428.3158787623919
426.0 307.0 428.2115695501386
426.0 307.0 428.20715781032897
426.0 307.0 428.0898431727332
427.0 307.0 428.08766625540613
427.0 307.0 427.97421869048077
427.0 307.0 427.97227246633634
428.0 307.0 427.86056528576376
427.0 307.0 427.85884588261115
429.0 307.0 427.74462114893237
428.0 307.0 427.7451320587997
428.0 307.0 427.62864088952
429.0 307.0 427.6313879967185
429.0 307.0 427.5230472288291
430.0 307.0 427.52801545629734
430.0 307.0 427.432081585762
433.0 307.0 427.443289805794
432.0 307.0 427.3596641765929
433.0 308.0 427.3710191391082
433.0 307.0 427.31440556387145
435.0 307.0 427.32991470291427
437.0 308.0 427.3326226029103
438.0 308.0 427.35422309835667
439.0 307.0 427.43240509096137
440.0 308.0 427.457909039007
441.0 308.0 427.58443716043223
441.0 308.0 427.61168833417076
440.0 307.0 427.7514261403815
441.0 307.0 427.77833278463277
442.0 308.0 427.9131305470646
442.0 307.0 427.9417670665017
441.0 308.0 428.052096355559
442.0 308.0 428.08044571085
442.0 308.0 428.17008447868585
442.0 308.0 428.19819009426
442.0 308.0 428.2627183304935
442.0 308.0 428.29063263162783
443.0 308.0 428.34761275710343
443.0 308.0 428.37741770546216
444.0 308.0 428.4307105559719
444.0 308.0 428.46241375411216
443.0 308.0 428.50387061760426
443.0 308.0 428.5333522609413
442.0 308.0 428.562898903572
442.0 308.0 428.5901935415695
441.0 307.0 428.6177859268391
441.0 308.0 428.6429073249667
441.0 308.0 428.678586660592
445.0 307.0 428.71184961463337
442.0 308.0 428.7537025787065
442.0 308.0 428.780603572503
442.0 308.0 428.8225875851766
443.0 308.0 428.8514101644065
444.0 308.0 428.89169982684524
445.0 308.0 428.92452016642744
445.0 308.0 428.9590373350617
444.0 308.0 428.9896455626872
444.0 308.0 429.01619759117625
442.0 308.0 429.0425573296896
438.0 307.0 429.05282735033296
434.0 308.0 429.0627786233618
429.0 307.0 429.0447748635046
422.0 307.0 429.03080075910634
415.0 307.0 428.97701401953253
407.0 307.0 428.9341837624975
400.0 307.0 428.8516287002741
396.0 307.0 428.78843734410566
393.0 307.0 428.6823615852051
392.0 307.0 428.6121300196718
393.0 307.0 428.5077219088017
395.0 307.0 428.44332180581364
397.0 307.0 428.34592616824295
401.0 307.0 428.2929768277785
404.0 307.0 428.20426642850623
406.0 307.0 428.16100709896506
408.0 307.0 428.0796074337123
411.0 307.0 428.0461283553444
413.0 307.0 427.97614087038613
416.0 307.0 427.95252306768793
417.0 307.0 427.89215626696125
422.0 307.0 427.8804529304885
421.0 307.0 427.825732881311
422.0 307.0 427.8141605884499
423.0 307.0 427.7693973563668
423.0 307.0 427.7599116326821
423.0 307.0 427.7211600816157
423.0 307.0 427.7117697702508
424.0 307.0 427.67897377497815
424.0 307.0 427.67164741189004
424.0 307.0 427.63673175803945
424.0 307.0 427.62948916088567
424.0 307.0 427.58836703451897
425.0 307.0 427.58320593774494
426.0 307.0 427.53982809700716
426.0 307.0 427.5367539756085
426.0 307.0 427.48505581586335
427.0 308.0 427.4840862535119
427.0 308.0 427.4342757901389
427.0 307.0 427.43340767890385
428.0 307.0 427.385494280565
429.0 308.0 427.38872937877056
431.0 307.0 427.373340235312
431.0 307.0 427.38062426834466
432.0 307.0 427.4289309136244
432.0 307.0 427.4381218375357
433.0 307.0 427.5650169124864
434.0 308.0 427.57798353049003
433.0 307.0 427.76177748432957
434.0 308.0 427.77434471926904
434.0 307.0 427.9818113678704
435.0 308.0 427.9959625977796
435.0 308.0 428.20579913497863
437.0 307.0 428.2235677773936
435.0 308.0 428.4160297995143
436.0 308.0 428.4313317207321
435.0 308.0 428.60438803503376
434.0 308.0 428.61524704564584
434.0 307.0 428.77022028541955
434.0 308.0 428.780743504183
435.0 307.0 428.9233293315832
437.0 308.0 428.9396344475525
437.0 308.0 429.0717295490305
438.0 308.0 429.0897714930991
437.0 308.0 429.21277615470495
439.0 308.0 429.2325733212707
440.0 308.0 429.35633187300135
440.0 308.0 429.37788252307547
440.0 307.0 429.4943454640249
441.0 307.0 429.5176643631784
442.0 308.0 429.62329586825877
443.0 307.0 429.65046491305
443.0 308.0 429.73919014105076
443.0 308.0 429.76612011651173
443.0 308.0 429.849269848838
443.0 308.0 429.8759728107632
441.0 308.0 429.9474358513961
439.0 308.0 429.96573119261495
436.0 307.0 430.015425924543
430.0 307.0 430.01539507324617
425.0 307.0 430.0313173104204
417.0 307.0 430.0056488001059
408.0 307.0 429.97666898535726
400.0 307.0 429.9188016358438
395.0 307.0 429.85933058173384
393.0 307.0 429.78876672151404
389.0 307.0 429.7020056123249
388.0 307.0 429.62264139591156
389.0 307.0 429.5233784851887
391.0 307.0 429.44978053318414
394.0 307.0 429.3470435062236
397.0 307.0 429.28478193385797
399.0 307.0 429.1847890668222
401.0 307.0 429.1302669353445
402.0 307.0 429.02731016303784
404.0 307.0 428.97871275857034
405.0 307.0 428.8769413966242
408.0 307.0 428.83620183002273
410.0 307.0 428.7457029003451
412.0 307.0 428.71286428097767
413.0 307.0 428.6319922375593
415.0 307.0 428.6051609581947
415.0 307.0 428.5279248365612
416.0 307.0 428.50323452688195
416.0 307.0 428.4194304846988
417.0 308.0 428.39689541358723
419.0 307.0 428.32287701446427
420.0 307.0 428.30639266767895
420.0 307.0 428.23620642934196
420.0 307.0 428.2198921115179
420.0 307.0 428.1433094032576
421.0 307.0 428.12914173179104
422.0 307.0 428.054226520056
423.0 307.0 428.04417762656226
424.0 307.0 427.9688805572794
425.0 308.0 427.9629633508021
427.0 308.0 427.90177594831204
430.0 308.0 427.9059826644166
428.0 307.0 427.8466752881343
429.0 308.0 427.8489850402826
429.0 307.0 427.78533001629955
429.0 307.0 427.7877627983297
430.0 307.0 427.71765310957545
431.0 307.0 427.7242429416411
431.0 308.0 427.64973118800197
431.0 308.0 427.6564579192041
432.0 307.0 427.57962143363505
431.0 308.0 427.5864894965696
431.0 307.0 427.5200401964089
432.0 308.0 427.52904696640206
433.0 308.0 427.50980019002725
434.0 308.0 427.5228789199474
434.0 307.0 427.5930022241971
435.0 308.0 427.60794426670793
436.0 308.0 427.75974190377843
435.0 308.0 427.77434471926904
436.0 308.0 427.96638004040665
435.0 307.0 427.9805626427443
435.0 308.0 428.1886184685108
435.0 308.0 428.2023493630085
436.0 308.0 428.40570595849397
437.0 308.0 428.423066605896
437.0 307.0 428.60558967774324
437.0 308.0 428.6225425709665
437.0 308.0 428.7872841749628
437.0 308.0 428.80386658704464
437.0 307.0 428.9634287984152
436.0 308.0 428.97761713171
436.0 307.0 429.1390761669074
437.0 307.0 429.1549417168583
435.0 307.0 429.31647916025435
436.0 307.0 429.32995003842905
436.0 307.0 429.49015540193045
435.0 307.0 429.5012456326524
436.0 308.0 429.65074598684697
435.0 308.0 429.66151095949937
433.0 307.0 429.78484387429035
429.0 307.0 429.783275616909
424.0 307.0 429.87199008043245
419.0 307.0 429.8505205301024
411.0 307.0 429.89891620741804
404.0 307.0 429.8486756987859
396.0 307.0 429.8574028367397
391.0 306.0 429.78319418050773
387.0 307.0 429.7638163872704
385.0 307.0 429.67894293297644
384.0 307.0 429.6481573079958
385.0 307.0 429.5634923966421
387.0 307.0 429.5222517279622
391.0 307.0 429.44865583676005
395.0 307.0 429.40803499823113
399.0 307.0 429.3493682305821
402.0 307.0 429.30369824945757
405.0 307.0 429.25646413304014
407.0 307.0 429.20398894727964
410.0 307.0 429.16643857599115
412.0 307.0 429.11121036594164
414.0 307.0 429.0815190613551
416.0 307.0 429.0257079898971
418.0 307.0 429.0039393758524
419.0 307.0 428.94973102158133
422.0 307.0 428.9359439356884
420.0 307.0 428.8815065882263
421.0 307.0 428.86588812821196
421.0 307.0 428.8153112265053
420.0 307.0 428.7978614685479
420.0 307.0 428.74312979065377
419.0 307.0 428.7238645095465
419.0 307.0 428.6711044981494
420.0 307.0 428.65393734340057
421.0 307.0 428.60495612724037
422.0 308.0 428.59184779927864
422.0 307.0 428.5426602139471
424.0 308.0 428.5336229515719
425.0 307.0 428.4923001672319
427.0 307.0 428.4893207537383
428.0 308.0 428.4538895504881
430.0 307.0 428.4569873394528
431.0 308.0 428.4254693240483
432.0 307.0 428.4326481490411
432.0 308.0 428.3928183497329
433.0 307.0 428.40208216113984
435.0 307.0 428.37240320971114
436.0 308.0 428.3877939437584
436.0 308.0 428.35806665280984
437.0 308.0 428.3755245109132
437.0 308.0 428.34163598024
437.0 308.0 428.35912736861343
437.0 307.0 428.3210733594222
436.0 308.0 428.3365685999737
436.0 307.0 428.2902088607817
436.0 307.0 428.3057669469324
436.0 307.0 428.26141745827016
438.0 307.0 428.28111562383884
436.0 307.0 428.236714174221
437.0 307.0 428.2544197086587
436.0 307.0 428.2141037346558
436.0 307.0 428.2298168040147
436.0 307.0 428.18944920305734
437.0 308.0 428.2072512230497
437.0 307.0 428.1626612971502
436.0 307.0 428.17847914158415
436.0 307.0 428.12137744762913
436.0 308.0 428.1372793859465
435.0 307.0 428.0843028431215
435.0 308.0 428.098245733383
436.0 307.0 428.0720001057639
436.0 307.0 428.0880026349722
435.0 307.0 428.1221193750638
436.0 308.0 428.13801980202595
435.0 308.0 428.2570702702676
435.0 307.0 428.27066208181947
435.0 307.0 428.44346137990993
435.0 308.0 428.4566745891584
438.0 307.0 428.6662846167567
437.0 307.0 428.6831137332097
437.0 307.0 428.8892537520239
435.0 308.0 428.90156213285115
433.0 307.0 429.0821050869072
430.0 307.0 429.0839428363639
425.0 307.0 429.22709817019614
421.0 307.0 429.2108013552315
416.0 307.0 429.3126771357899
410.0 307.0 429.27491890395834
405.0 307.0 429.3502804548441
402.0 307.0 429.297318882846
396.0 307.0 429.3447237169302
393.0 307.0 429.27510526467756
392.0 307.0 429.3038522948407
391.0 307.0 429.23065594153456
392.0 307.0 429.2517631324356
394.0 307.0 429.18414928792515
397.0 307.0 429.21058403876975
399.0 307.0 429.15228532538424
402.0 307.0 429.17080417744705
405.0 307.0 429.1238212917106
406.0 307.0 429.138272954801
409.0 307.0 429.09893963979914
411.0 307.0 429.11513326284637
415.0 307.0 429.0873663952366
416.0 307.0 429.1112477270337
418.0 307.0 429.0893123814668
420.0 307.0 429.10929327054
421.0 307.0 429.0932276324109
421.0 307.0 429.0954436947556
422.0 307.0 429.0813699055227
423.0 307.0 429.0775863993604
422.0 307.0 429.0635477408912
422.0 307.0 429.04775719715843
423.0 308.0 429.0357467624347
424.0 307.0 429.01782315560075
424.0 307.0 429.0078460820967
425.0 308.0 428.98377610385296
425.0 307.0 428.97584547384486
425.0 307.0 428.9456290783377
427.0 307.0 428.9417466276744
428.0 307.0 428.9194677554742
431.0 307.0 428.9236388915864
429.0 307.0 428.89722972681307
430.0 307.0 428.8994380970905
430.0 307.0 428.87498587235655
431.0 307.0 428.87924640858995
433.0 307.0 428.85672687317
433.0 308.0 428.86505336760655
435.0 307.0 428.8424766035647
436.0 307.0 428.85691086888176
437.0 308.0 428.8363478373223
437.0 308.0 428.8528302343357
437.0 307.0 428.82199407820775
437.0 308.0 428.83850573380187
438.0 307.0 428.79729037444366
439.0 307.0 428.817938057633
439.0 307.0 428.7766561296025
440.0 307.0 428.7993959883805
440.0 308.0 428.76427510604753
440.0 307.0 428.787040382519
439.0 307.0 428.739446547728
438.0 308.0 428.7581672691495
438.0 307.0 428.7063847537815
438.0 307.0 428.725173042125
439.0 308.0 428.6712003342328
441.0 308.0 428.69621178638846
442.0 308.0 428.6483556782311
442.0 308.0 428.67547398935716
442.0 308.0 428.6254817520937
443.0 308.0 428.65471186025707
443.0 308.0 428.60255517273947
445.0 307.0 428.6359760916015
445.0 308.0 428.59002884534226
448.0 308.0 428.6297259873608
446.0 308.0 428.5837515166998
447.0 308.0 428.6213737087781
447.0 308.0 428.57746942016115
448.0 308.0 428.6171928422844
450.0 308.0 428.58166840520136
451.0 308.0 428.62767526140914
452.0 308.0 428.60266271334564
453.0 308.0 428.65284321931193
452.0 308.0 428.61951352539876
449.0 308.0 428.6612415416164
444.0 308.0 428.60907535767126
439.0 308.0 428.63010860181066
435.0 308.0 428.5760829979149
431.0 308.0 428.58094451340224
428.0 307.0 428.5538411793542
426.0 308.0 428.5487486856075
426.0 307.0 428.57944500566373
424.0 308.0 428.5703349509856
424.0 307.0 428.6606255112866
424.0 307.0 428.6513548328058
425.0 308.0 428.79014211143414
424.0 308.0 428.7806152334781
426.0 307.0 428.930711316199
427.0 308.0 428.9268585668191
429.0 308.0 429.0686095993122
431.0 308.0 429.07248105652263
432.0 308.0 429.1965089403374
433.0 308.0 429.20414956055583
435.0 308.0 429.31387679600954
436.0 308.0 429.32735296041875
437.0 307.0 429.4262075554669
439.0 307.0 429.44556814571973
436.0 308.0 429.5311327342594
436.0 308.0 429.5441676940801
435.0 308.0 429.62019158558655
433.0 308.0 429.6269777376649
433.0 308.0 429.6875058753871
433.0 307.0 429.6941563484428
431.0 307.0 429.74105546188974
431.0 307.0 429.7435770316992
429.0 308.0 429.77677479396743
429.0 308.0 429.77522264551266
427.0 307.0 429.794635678152
428.0 308.0 429.7910538854898
429.0 308.0 429.80658137677415
431.0 307.0 429.8089715210701
431.0 308.0 429.81859201771175
433.0 308.0 429.82497833420524
434.0 308.0 429.83267938179046
435.0 307.0 429.8430760172833
437.0 308.0 429.8407777170249
438.0 308.0 429.85725072400487
439.0 308.0 429.853001858092
439.0 308.0 429.87149009907597
440.0 308.0 429.8632186795552
442.0 308.0 429.8878342079478
443.0 308.0 429.87145163392705
443.0 308.0 429.8981088583666
442.0 308.0 429.87557271381684
442.0 308.0 429.90016282853395
441.0 308.0 429.8652489612635
441.0 308.0 429.8878062936887
440.0 308.0 429.84666837912476
441.0 308.0 429.8692638465793
439.0 308.0 429.8198065844157
437.0 308.0 429.8342866733644
437.0 308.0 429.7723240286675
437.0 308.0 429.7869006845136
438.0 308.0 429.72059244950117
439.0 308.0 429.73935123514116
439.0 308.0 429.67917844920714
440.0 308.0 429.7000674889405
441.0 308.0 429.6418184771691
442.0 308.0 429.6668895784268
441.0 308.0 429.60437129021784
442.0 308.0 429.6295194699731
442.0 308.0 429.5668788521918
442.0 308.0 429.5921042104941
441.0 308.0 429.5294251318624
438.0 308.0 429.54653298565916
434.0 308.0 429.4652568178563
430.0 308.0 429.4663269687159
425.0 308.0 429.35413815625884
421.0 308.0 429.33759211138266
417.0 308.0 429.21575265203086
413.0 307.0 429.18393259766844
410.0 308.0 429.0545578679412
409.0 307.0 429.01538433953624
409.0 308.0 428.88581707510025
410.0 307.0 428.84887547946306
411.0 307.0 428.7164208880716
412.0 307.0 428.68363859610974
414.0 307.0 428.5481057686708
416.0 308.0 428.52337625851874
418.0 307.0 428.3909986162067
422.0 307.0 428.3783117759348
422.0 308.0 428.2491923418922
423.0 308.0 428.2387581711866
423.0 308.0 428.1070161004943
423.0 308.0 428.0968628710096
424.0 307.0 427.9646334160217
425.0 308.0 427.958724645263
424.0 308.0 427.8304615237387
425.0 308.0 427.8248192893909
425.0 308.0 427.7003755229178
425.0 308.0 427.69499178737175
424.0 307.0 427.57253483483964
425.0 308.0 427.5674052123244
426.0 307.0 427.4677477315703
427.0 308.0 427.46681274690786
427.0 307.0 427.41281148656003
430.0 308.0 427.41800149268397
432.0 308.0 427.42883245474593
433.0 308.0 427.4400472580921
435.0 308.0 427.5102759842672
436.0 308.0 427.52742368180316
438.0 308.0 427.64035186249924
439.0 308.0 427.6633722918061
439.0 308.0 427.7899091993939
440.0 308.0 427.8146771675792
440.0 308.0 427.926524324493
440.0 308.0 427.9510112150689
441.0 308.0 428.0422085081436
443.0 308.0 428.07264570397393
442.0 308.0 428.1448048825254
442.0 308.0 428.1729627148356
442.0 308.0 428.233555382938
444.0 308.0 428.26566754760995
441.0 308.0 428.31055773554715
441.0 308.0 428.33631179249795
441.0 308.0 428.3753832071537
441.0 308.0 428.4010037336514
440.0 308.0 428.43415789979986
440.0 308.0 428.45760116959065
440.0 308.0 428.48886966039817
441.0 308.0 428.5142564722905
441.0 308.0 428.5456998193627
441.0 308.0 428.5709696188019
440.0 308.0 428.598463933987
441.0 308.0 428.6236251071562
441.0 308.0 428.64927902519287
442.0 308.0 428.6763954313323
442.0 308.0 428.7042157586259
443.0 308.0 428.73328305602774
443.0 308.0 428.7592716502491
442.0 308.0 428.78616115728363
441.0 308.0 428.8000641207741
440.0 308.0 428.82275592603526
438.0 308.0 428.8265411618194
435.0 308.0 428.83897677333385
431.0 308.0 428.82250346612864
427.0 308.0 428.81886618944367
421.0 308.0 428.76818949245904
414.0 308.0 428.739160795932
405.0 308.0 428.6492229231557
398.0 307.0 428.5901118784707
391.0 307.0 428.4676078561411
387.0 307.0 428.38867865526043
386.0 307.0 428.25868467785216
389.0 307.0 428.1837596172933
388.0 307.0 428.0507199359386
390.0 307.0 427.9779947614129
393.0 307.0 427.85569177699614
397.0 307.0 427.7962014791623
401.0 307.0 427.6862952378396
405.0 307.0 427.64212374367423
408.0 307.0 427.54514112008195
411.0 308.0 427.5126898701371
414.0 308.0 427.422831108852
416.0 307.0 427.4002901262469
417.0 307.0 427.31186838857104
419.0 308.0 427.295406013217
421.0 307.0 427.2187750597193
423.0 308.0 427.2103790874
425.0 308.0 427.14565293074827
425.0 308.0 427.14137238155706
426.0 308.0 427.0826373880313
426.0 307.0 427.08047485222266
426.0 308.0 427.0132933591305
426.0 308.0 427.01126917213793
427.0 307.0 426.9501127738406
428.0 308.0 426.952215124831
429.0 308.0 426.8928730373701
430.0 308.0 426.8991098608663
431.0 308.0 426.8353627028897
431.0 308.0 426.84373252983346
433.0 308.0 426.78392312043354
434.0 308.0 426.7984770357083
435.0 308.0 426.7488948298249
438.0 308.0 426.77169306316466
439.0 308.0 426.75914370223745
443.0 308.0 426.7922421975357
441.0 308.0 426.826301184411
443.0 308.0 426.85926017834026
444.0 308.0 426.9565971755718
444.0 308.0 426.99136291030527
445.0 308.0 427.1404217347727
446.0 308.0 427.1789718607413
445.0 308.0 427.3487473993666
446.0 308.0 427.3868622220388
446.0 308.0 427.55352651577107
445.0 308.0 427.58912988989795
444.0 308.0 427.73336046573525
444.0 308.0 427.7665110781815
443.0 308.0 427.886381544239
443.0 308.0 427.9171415122325
441.0 308.0 428.0159662146604
441.0 308.0 428.04232734625674
442.0 308.0 428.1241555730888
440.0 308.0 428.1482360117813
441.0 308.0 428.2086562723986
440.0 308.0 428.23256298418033
441.0 308.0 428.2852981286964
441.0 308.0 428.311104222153
441.0 308.0 428.358061974462
441.0 308.0 428.3837181779905
442.0 308.0 428.43287859701644
443.0 308.0 428.46250711118233
443.0 308.0 428.5099246353835
442.0 308.0 428.5373285957712
443.0 308.0 428.58488775506777
443.0 308.0 428.6142018179052
443.0 308.0 428.6599219163306
445.0 308.0 428.6932236460007
437.0 308.0 428.72079146464097
432.0 308.0 428.7273749132425
424.0 308.0 428.72685644226874
413.0 308.0 428.69597852090936
405.0 307.0 428.6565862527669
396.0 307.0 428.5937563707619
390.0 307.0 428.5202646718927
387.0 307.0 428.4412398450924
385.0 307.0 428.3483004904609
385.0 307.0 428.2659827723888
385.0 307.0 428.1686148300117
389.0 307.0 428.09385419554906
391.0 307.0 428.00092240456485
395.0 307.0 427.937460384108
397.0 307.0 427.85525383764184
399.0 307.0 427.79948574069135
400.0 307.0 427.718510528241
401.0 307.0 427.6667394128283
401.0 307.0 427.58122668192726
402.0 308.0 427.5315918151546
403.0 307.0 427.45159695042776
404.0 307.0 427.40597796474486
405.0 307.0 427.3335769301821
406.0 308.0 427.29197277739723
407.0 307.0 427.2251709501522
408.0 307.0 427.1875840892382
408.0 307.0 427.1142999836238
409.0 307.0 427.07883815520523
410.0 307.0 427.00301069463734
412.0 307.0 426.97353079552835
412.0 307.0 426.8992738105324
416.0 307.0 426.87775299258686
413.0 307.0 426.79698374128805
413.0 308.0 426.7698349227602
414.0 307.0 426.68870209673236
414.0 308.0 426.6637012917785
416.0 307.0 426.5779383359504
418.0 308.0 426.56095461258525
419.0 307.0 426.47877120036014
421.0 307.0 426.46788390217614
423.0 308.0 426.39341069177266
425.0 308.0 426.39062841483747
425.0 308.0 426.3324203779612
427.0 308.0 426.3337565804519
429.0 308.0 426.31214631087437
430.0 308.0 426.31955385602475
431.0 308.0 426.35009652821617
432.0 308.0 426.36147105478466
433.0 308.0 426.46206605930985
433.0 308.0 426.47524195432493
433.0 308.0 426.61359603350814
433.0 308.0 426.62646425180895
435.0 308.0 426.78936059446613
434.0 308.0 426.8039034498162
434.0 308.0 426.9595635863843
436.0 308.0 426.9778354903214
436.0 308.0 427.11758669683866
436.0 308.0 427.1355358665444
436.0 308.0 427.25876715196426
437.0 308.0 427.2784712573288
438.0 308.0 427.394750254481
438.0 308.0 427.4162233701477
438.0 308.0 427.5194542562187
440.0 308.0 427.54477894134084
438.0 308.0 427.63100279224165
439.0 308.0 427.65404242214294
439.0 308.0 427.73092182231335
439.0 308.0 427.75375626638277
441.0 308.0 427.8291148379292
442.0 308.0 427.857925017172
442.0 308.0 427.9316452261645
443.0 308.0 427.96231142473283
444.0 308.0 428.02862873180345
445.0 308.0 428.06324299103284
445.0 308.0 428.129863897301
446.0 308.0 428.1663485142194
447.0 308.0 428.23536642612345
448.0 308.0 428.27580599422146
448.0 308.0 428.33923121048343
448.0 308.0 428.379453288787
448.0 308.0 428.435147193483
447.0 308.0 428.47307966778965
447.0 308.0 428.5108903707497
446.0 308.0 428.54658089873965
445.0 308.0 428.58037083904935
442.0 308.0 428.6076294234623
438.0 308.0 428.6250843404428
433.0 308.0 428.63387873568746
426.0 307.0 428.6211195546208
417.0 307.0 428.59819178339984
407.0 308.0 428.5463428100533
400.0 307.0 428.4911480999345
393.0 307.0 428.41085855455964
389.0 307.0 428.3356557654289
387.0 307.0 428.24407523741866
389.0 307.0 428.1691768448542
387.0 307.0 428.069128011719
391.0 307.0 427.99819392142297
394.0 308.0 427.90649906713
396.0 307.0 427.8450607404508
400.0 307.0 427.7601096676099
402.0 307.0 427.7101378270101
404.0 307.0 427.632425082528
406.0 307.0 427.59025246139555
410.0 307.0 427.52576596168126
412.0 308.0 427.49527716689454
413.0 307.0 427.43024369650414
416.0 308.0 427.4076882790014
418.0 308.0 427.35016125028113
420.0 308.0 427.33558709754095
421.0 307.0 427.28380838245164
423.0 308.0 427.27528362871635
423.0 308.0 427.2293832261348
423.0 307.0 427.22096624580587
424.0 308.0 427.1769378987413
425.0 308.0 427.17259509476963
426.0 308.0 427.1365440400868
427.0 308.0 427.1362709955688
429.0 308.0 427.1061616819563
430.0 308.0 427.11196892618216
431.0 308.0 427.0858445760929
431.0 308.0 427.09370868698124
432.0 308.0 427.08785052273294
432.0 308.0 427.09773120446334
432.0 308.0 427.12987000642255
433.0 308.0 427.14169077719396
432.0 308.0 427.2283301610327
436.0 308.0 427.2460532292838
433.0 308.0 427.3875222656562
433.0 308.0 427.39882077516313
432.0 308.0 427.56594494247213
434.0 308.0 427.57890967633097
435.0 308.0 427.75783514865293
436.0 308.0 427.7744779670709
436.0 308.0 427.9394353417797
436.0 308.0 427.9557079885721
436.0 308.0 428.0915237486148
437.0 308.0 428.1095257057474
436.0 308.0 428.22125927350635
436.0 308.0 428.2369577698777
437.0 308.0 428.33196067661606
438.0 308.0 428.351514529831
438.0 308.0 428.43148235177614
439.0 308.0 428.45287955620046
439.0 308.0 428.5195561698907
440.0 308.0 428.542823997789
439.0 308.0 428.5959554008553
440.0 308.0 428.6190663048017
442.0 308.0 428.6785282249652
442.0 308.0 428.70558428833186
442.0 308.0 428.7652075511874
443.0 308.0 428.7941487473914
443.0 308.0 428.8599301396188
443.0 308.0 428.8886755324743
445.0 308.0 428.9587803863456
447.0 308.0 428.99562002426086
449.0 308.0 429.06641674682476
450.0 308.0 429.10930309188126
452.0 308.0 429.180701043624
455.0 308.0 429.23388962196356
453.0 308.0 429.2957391627905
454.0 308.0 429.3465663074528
455.0 308.0 429.40089223533874
455.0 308.0 429.4536133274466
456.0 309.0 429.50023154568333
458.0 309.0 429.55911816652196
460.0 308.0 429.61045178226414
461.0 308.0 429.6755194329786
461.0 309.0 429.7170761455287
460.0 309.0 429.7797715109449
459.0 308.0 429.81317188454204
457.0 308.0 429.8692615202906
454.0 308.0 429.89015934096045
449.0 308.0 429.9292267338893
441.0 308.0 429.9251600994912
432.0 308.0 429.9293197724482
422.0 308.0 429.88907083857447
413.0 308.0 429.85595494304835
407.0 307.0 429.78248681390437
403.0 308.0 429.7305876941971
402.0 307.0 429.64945398151417
401.0 308.0 429.5940618770236
401.0 308.0 429.5127919829093
403.0 308.0 429.46139989526415
406.0 308.0 429.38721774818947
409.0 307.0 429.3474094483394
412.0 308.0 429.28443513887737
415.0 308.0 429.2563406637111
417.0 308.0 429.2048854187644
419.0 308.0 429.1847178080785
422.0 308.0 429.14697278263185
426.0 308.0 429.14070186828
425.0 308.0 429.10473050233196
425.0 308.0 429.0965602285807
426.0 308.0 429.0645181338616
428.0 308.0 429.0623917334168
427.0 308.0 429.0343050033872
427.0 308.0 429.0302460200213
428.0 308.0 429.00408974511663
427.0 308.0 429.0000909090813
427.0 308.0 428.96168389788033
425.0 308.0 428.95379704578903
426.0 308.0 428.91941869711485
425.0 308.0 428.911615603961
426.0 307.0 428.8953840985025
425.0 308.0 428.8876286394841
427.0 308.0 428.90727074017707
428.0 308.0 428.9054581140231
427.0 308.0 428.9641692694555
428.0 308.0 428.96224309372496
429.0 308.0 429.0613210654963
429.0 308.0 429.0611984321118
430.0 308.0 429.1959929924808
430.0 308.0 429.19760250961326
432.0 308.0 429.34766662656426
431.0 308.0 429.3509776395065
432.0 308.0 429.4958012444047
431.0 308.0 429.4988148994127
431.0 308.0 429.6234241439197
431.0 308.0 429.6261816975311
431.0 308.0 429.7304463416876
431.0 308.0 429.7329891921261
433.0 308.0 429.82634560337215
432.0 308.0 429.83070388235416
431.0 308.0 429.8991632710656
431.0 308.0 429.90136775776836
431.0 308.0 429.9544972895143
432.0 308.0 429.9585980068314
433.0 308.0 430.0022044031672
434.0 308.0 430.01023708744424
434.0 308.0 430.0520381430857
434.0 308.0 430.0599702367101
435.0 308.0 430.09995808869337
434.0 308.0 430.1077934657776
434.0 308.0 430.14584840703
434.0 308.0 430.1535911741293
434.0 308.0 430.18581994221836
434.0 308.0 430.1934820519716
435.0 308.0 430.22385700268705
435.0 308.0 430.2334622039527
434.0 308.0 430.25792236694383
434.0 308.0 430.2654390024837
434.0 308.0 430.2760101258023
436.0 308.0 430.2875340978402
436.0 308.0 430.30221006168205
436.0 308.0 430.3136809351987
437.0 308.0 430.32643618928034
437.0 308.0 430.33988660127704
438.0 308.0 430.3446793980057
438.0 308.0 430.36012594105415
439.0 308.0 430.35688922591726
439.0 308.0 430.3743486779852
439.0 308.0 430.3650475448681
439.0 308.0 430.38249035015355
443.0 308.0 430.38141959506726
438.0 308.0 430.39679134491695
435.0 308.0 430.3732802122377
429.0 308.0 430.37053802508365
423.0 308.0 430.31891049483164
416.0 308.0 430.2907482156687
407.0 308.0 430.205974343362
397.0 307.0 430.142120699659
389.0 307.0 430.02977479987226
382.0 307.0 429.9390701017994
378.0 307.0 429.80863990137254
375.0 307.0 429.7059994926764
374.0 307.0 429.55981803998975
375.0 307.0 429.45761606938584
378.0 307.0 429.3096429607401
382.0 307.0 429.22022785511865
385.0 307.0 429.0821027516804
388.0 307.0 429.0038647844562
391.0 307.0 428.86989726204274
394.0 307.0 428.80298739631
397.0 307.0 428.6691924469336
400.0 307.0 428.61376786099623
402.0 308.0 428.48888602961665
404.0 307.0 428.4413051982733
407.0 308.0 428.321307296951
409.0 308.0 428.2835345889449
410.0 308.0 428.1563028139123
411.0 307.0 428.12267634405913
411.0 308.0 427.98854001101654
412.0 308.0 427.9571590708584
413.0 308.0 427.83494888446637
414.0 307.0 427.80772550294137
418.0 307.0 427.7325030768375
416.0 308.0 427.7093592616369
417.0 308.0 427.6668093266056
416.0 308.0 427.6437933607829
416.0 308.0 427.6233499926283
418.0 308.0 427.6043194356203
419.0 308.0 427.5976514236321
420.0 308.0 427.5825908523405
420.0 308.0 427.58182894141066
422.0 307.0 427.57073800717467
423.0 308.0 427.573889359165
423.0 308.0 427.5647904119328
424.0 308.0 427.5619375258299
426.0 308.0 427.5588193453621
427.0 308.0 427.54788314850714
427.0 308.0 427.5467880828951
429.0 308.0 427.5297362180804
431.0 308.0 427.5367048570216
431.0 308.0 427.5114572642286
432.0 308.0 427.520481380717
433.0 308.0 427.48901004284875
433.0 308.0 427.5001029239642
434.0 308.0 427.47882086083416
435.0 308.0 427.4939952794659
436.0 308.0 427.4849315864443
436.0 308.0 427.5021309888408
438.0 308.0 427.5012498663303
439.0 308.0 427.52455601988527
441.0 308.0 427.53800004557013
443.0 308.0 427.56948207279714
444.0 308.0 427.59729758008945
445.0 308.0 427.6328097796052
449.0 308.0 427.67722831973003
446.0 308.0 427.714657219039
446.0 308.0 427.74289470187097
445.0 308.0 427.77810369395957
443.0 308.0 427.79214138698825
444.0 308.0 427.8251699000422
443.0 308.0 427.82915699511443
443.0 308.0 427.8600355256377
443.0 308.0 427.8518393004588
442.0 308.0 427.8806025049511
442.0 308.0 427.86421862450516
442.0 308.0 427.89295624022606
442.0 308.0 427.868349669964
442.0 308.0 427.89707874674724
443.0 308.0 427.86627712663267
444.0 308.0 427.89915167011026
445.0 308.0 427.8766584773461
445.0 308.0 427.91158899941
445.0 308.0 427.8932568743718
444.0 308.0 427.926075391533
443.0 308.0 427.9056771498529
441.0 308.0 427.93226566829475
437.0 308.0 427.9097984285735
433.0 308.0 427.9200392596729
426.0 308.0 427.8794194573868
419.0 308.0 427.8618445246082
410.0 308.0 427.7836201297364
401.0 308.0 427.7317266698836
395.0 308.0 427.62080996395446
389.0 307.0 427.5470500424486
386.0 307.0 427.410975858797
384.0 307.0 427.3285550954909
388.0 307.0 427.19560410699063
386.0 308.0 427.1171783012245
389.0 307.0 426.9834889074743
391.0 307.0 426.9145488268115
393.0 307.0 426.7980707388129
397.0 307.0 426.7405511549143
398.0 307.0 426.66365881747066
401.0 307.0 426.6138722545248
403.0 307.0 426.5822627040503
406.0 307.0 426.54208936516454
408.0 308.0 426.55135460602213
408.0 307.0 426.5150571785245
410.0 307.0 426.54943540190436
412.0 308.0 426.5208318476367
414.0 308.0 426.56296361011897
415.0 307.0 426.5401505134071
416.0 308.0 426.5785044289993
417.0 308.0 426.5595620777947
417.0 308.0 426.5863169061369
417.0 308.0 426.56735927635157
418.0 308.0 426.5764632019866
420.0 308.0 426.56341146422767
420.0 308.0 426.56656698825367
422.0 308.0 426.5574826444848
424.0 308.0 426.5665716862496
425.0 307.0 426.5634442846691
425.0 308.0 426.5685659808584
426.0 308.0 426.56742960521495
428.0 308.0 426.5785701990973
429.0 308.0 426.5834267760528
431.0 308.0 426.5986577916758
431.0 308.0 426.6075057942605
434.0 308.0 426.6308730080457
432.0 308.0 426.6416786953661
432.0 308.0 426.6530506761936
432.0 308.0 426.6638114487799
431.0 308.0 426.6651594829759
430.0 308.0 426.6718551767857
430.0 308.0 426.65503047551204
430.0 308.0 426.66174658621554
430.0 308.0 426.6326697168648
429.0 308.0 426.6374174870273
430.0 308.0 426.595973080498
429.0 308.0 426.6007946546748
430.0 308.0 426.5551483561983
431.0 308.0 426.5640842827722
431.0 308.0 426.51831818985573
431.0 308.0 426.52732855000045
432.0 308.0 426.4752187694484
431.0 308.0 426.4843162415237
432.0 308.0 426.4321196924674
430.0 308.0 426.43928524468754
430.0 308.0 426.3787772901542
430.0 308.0 426.386050428482
430.0 308.0 426.3337435880999
430.0 308.0 426.34110756529213
430.0 308.0 426.2887051286258
430.0 308.0 426.2961599639387
431.0 308.0 426.24982795499557
431.0 308.0 426.2593811284392
433.0 308.0 426.2149626523892
434.0 308.0 426.23067463522614
436.0 308.0 426.19025360105206
437.0 308.0 426.21214670630866
441.0 308.0 426.18406788550755
439.0 308.0 426.21008434808294
440.0 308.0 426.175782506691
441.0 308.0 426.20594552399194
441.0 308.0 426.1695495573797
442.0 308.0 426.20179727448357
443.0 308.0 426.1695495573797
444.0 308.0 426.2059549091261
444.0 308.0 426.1841055032052
444.0 309.0 426.2204805027557
445.0 308.0 426.217236001231
443.0 308.0 426.2514609945636
442.0 308.0 426.2725331816374
439.0 308.0 426.2983673438124
434.0 308.0 426.34878041942403
428.0 308.0 426.35208924080575
420.0 308.0 426.436093081913
412.0 308.0 426.40770865452237
403.0 307.0 426.50541113972156
396.0 308.0 426.44657813142317
391.0 307.0 426.5274473309465
388.0 307.0 426.4538662036024
387.0 307.0 426.5219712792859
388.0 307.0 426.44840016114495
391.0 307.0 426.50168977715146
394.0 307.0 426.43915861468446
397.0 307.0 426.47354122234293
400.0 308.0 426.4222344109181
403.0 308.0 426.44305288597377
406.0 307.0 426.4031449227362
409.0 308.0 426.4140686185573
411.0 308.0 426.38379659644664
415.0 307.0 426.39455511681496
414.0 307.0 426.37012559512186
416.0 308.0 426.3670175650723
417.0 308.0 426.3484889148782
417.0 308.0 426.3353558776737
419.0 308.0 426.3208111270197
418.0 308.0 426.30558394396337
418.0 308.0 426.2891342739104
418.0 308.0 426.27384247400767
418.0 308.0 426.25745506677066
417.0 307.0 426.2341152959066
417.0 307.0 426.21584672557634
417.0 307.0 426.18436177368227
418.0 308.0 426.1681499126841
419.0 308.0 426.1344284403742
420.0 308.0 426.12224771771776
422.0 308.0 426.0841976499175
424.0 307.0 426.08003942921334
426.0 307.0 426.03759230861334
427.0 307.0 426.0395192936918
429.0 308.0 425.98443572383945
431.0 308.0 425.9945257864237
431.0 308.0 425.9392521158222
433.0 308.0 425.9534904188484
435.0 308.0 425.89794566332495
436.0 308.0 425.91838889627667
436.0 308.0 425.858538707374
437.0 308.0 425.8811125185056
438.0 308.0 425.8252955904915
438.0 308.0 425.8499923682047
439.0 308.0 425.7961727887218
439.0 308.0 425.822989045918
442.0 308.0 425.7816129941826
439.0 308.0 425.80845928656703
439.0 308.0 425.7650075844265
438.0 308.0 425.7898284365187
438.0 308.0 425.7525954648899
437.0 308.0 425.7753867944929
437.0 308.0 425.73605953074906
437.0 308.0 425.7588848162772
436.0 308.0 425.71954649103094
436.0 308.0 425.7403551461853
435.0 308.0 425.69685413830166
435.0 308.0 425.7156633247125
435.0 308.0 425.6721103043773
435.0 308.0 425.6909700710129
436.0 308.0 425.64317476549405
436.0 308.0 425.6641399037509
437.0 308.0 425.6183430585385
437.0 308.0 425.6414101094958
437.0 308.0 425.59348165032617
436.0 308.0 425.6145486235169
437.0 308.0 425.56238165674694
437.0 308.0 425.58556366493445
438.0 308.0 425.5746721824578
437.0 308.0 425.5978289418309
438.0 308.0 425.6511103421098
438.0 308.0 425.67616564707964
438.0 308.0 425.7990296222556
439.0 308.0 425.8258399862554
439.0 308.0 425.99565090406537
440.0 308.0 426.02411903553065
441.0 308.0 426.2111259079183
441.0 308.0 426.24121574526316
444.0 308.0 426.427525928779
439.0 308.0 426.4530407911286
435.0 308.0 426.5991181603995
429.0 308.0 426.6039334089642
421.0 308.0 426.70356204245525
414.0 308.0 426.6785323870888
405.0 308.0 426.7378919863032
398.0 307.0 426.6823478889184
392.0 307.0 426.7136194522646
388.0 307.0 426.6396981060248
386.0 307.0 426.6523625587393
385.0 307.0 426.57311682758444
387.0 307.0 426.57986445860644
389.0 307.0 426.50800930345963
393.0 307.0 426.51798224501243
395.0 307.0 426.45727101316965
399.0 307.0 426.47447397694015
402.0 307.0 426.42692691714484
404.0 307.0 426.44387292292873
406.0 307.0 426.40396339621424
408.0 307.0 426.4168508177446
410.0 307.0 426.38464794126907
410.0 307.0 426.4052472352322
411.0 307.0 426.3749922310172
413.0 308.0 426.3974878388363
414.0 308.0 426.37305261941685
414.0 308.0 426.3857662296979
416.0 308.0 426.36524717664315
417.0 308.0 426.37200209246464
418.0 308.0 426.3554221538645
420.0 308.0 426.35219054293776
421.0 308.0 426.3415532176051
425.0 308.0 426.34023266397924
424.0 308.0 426.3355650189179
425.0 308.0 426.32016109904896
426.0 308.0 426.3195210168073
427.0 308.0 426.2999945704216
428.0 308.0 426.30340134697497
429.0 308.0 426.2817710113736
431.0 308.0 426.29125958668214
432.0 308.0 426.27567594669017
434.0 308.0 426.29126427831005
435.0 308.0 426.27567594669017
435.0 308.0 426.2933027857698
437.0 308.0 426.2797706738751
438.0 308.0 426.3035327087966
439.0 308.0 426.2900496291529
440.0 308.0 426.31790954638535
440.0 308.0 426.3044698358252
440.0 308.0 426.33229997268563
441.0 308.0 426.3147952032845
441.0 308.0 426.3446704252323
441.0 308.0 426.3230637784201
442.0 308.0 426.3549929342918
441.0 308.0 426.3354733912526
442.0 308.0 426.36737680080546
443.0 308.0 426.3499766684765
442.0 308.0 426.3818499889506
441.0 308.0 426.3499766684765
441.0 308.0 426.3797790702556
441.0 308.0 426.3437462658036
441.0 308.0 426.3735615630969
442.0 308.0 426.3312522831826
441.0 308.0 426.3610934407594
443.0 308.0 426.3166543539662
441.0 308.0 426.34652572760575
441.0 308.0 426.28950430777195
442.0 308.0 426.32150309361595
442.0 308.0 426.26439996480434
443.0 308.0 426.29852685647415
444.0 308.0 426.2476441086994
445.0 308.0 426.2859720891599
446.0 308.0 426.24345034019683
445.0 308.0 426.28178708455283
445.0 308.0 426.2497057163166
444.0 308.0 426.28594393904194
444.0 308.0 426.2848220368607
444.0 308.0 426.32098705083706
444.0 308.0 426.37626509795047
445.0 308.0 426.4143243372577
445.0 308.0 426.5416786284951
447.0 308.0 426.58357446108965
448.0 308.0 426.7641846953389
449.0 308.0 426.80981244577777
450.0 309.0 427.0059767830151
450.0 308.0 427.0532004329203
449.0 308.0 427.2439734222723
448.0 308.0 427.2864917125277
445.0 308.0 427.4472063640806
440.0 308.0 427.47267982878157
434.0 308.0 427.58865761411454
427.0 308.0 427.5874811076676
419.0 308.0 427.6585737611522
412.0 307.0 427.62782884185634
405.0 308.0 427.64902592985936
400.0 308.0 427.59551213734693
400.0 308.0 427.5936677377002
395.0 307.0 427.53096028241043
395.0 307.0 427.50209365587943
396.0 308.0 427.4414065108807
398.0 307.0 427.40610191234265
400.0 307.0 427.3530437472044
403.0 308.0 427.3229877642244
405.0 308.0 427.2795057102552
407.0 307.0 427.25093179235415
410.0 308.0 427.2171251249182
411.0 308.0 427.1881123893003
412.0 308.0 427.15827511591067
414.0 308.0 427.1228979343999
415.0 308.0 427.098995550212
415.0 308.0 427.059383967698
415.0 307.0 427.035605072926
415.0 308.0 426.99181023999046
417.0 308.0 426.9720599758256
416.0 308.0 426.92805145860876
416.0 308.0 426.90647453511406
417.0 307.0 426.85816354330996
418.0 308.0 426.8406306808198
418.0 308.0 426.79823038400457
419.0 308.0 426.78277612855936
421.0 308.0 426.7461594076018
421.0 308.0 426.7347443084521
421.0 308.0 426.68783321537074
422.0 308.0 426.67850895024
423.0 308.0 426.633397792794
423.0 308.0 426.62616187946094
425.0 308.0 426.5828734206187
426.0 308.0 426.58170846861213
429.0 308.0 426.5484018000259
428.0 308.0 426.5513099264847
430.0 308.0 426.51380053180947
431.0 308.0 426.5228200225634
431.0 308.0 426.4831576598718
433.0 308.0 426.49629072243994
433.0 308.0 426.45650693196046
435.0 308.0 426.47376472650694
434.0 308.0 426.4359708966272
435.0 308.0 426.4532705936255
435.0 308.0 426.40712009079806
434.0 308.0 426.4224407790941
435.0 308.0 426.374145350826
434.0 308.0 426.3895331735994
434.0 308.0 426.3370457198227
434.0 308.0 426.3525090813938
434.0 308.0 426.2874005829771
434.0 308.0 426.30296503777686
435.0 308.0 426.2250598019858
434.0 308.0 426.240751219308
435.0 308.0 426.1457149153108
436.0 308.0 426.165650891763
436.0 308.0 426.07250504945546
436.0 308.0 426.0925908766779
437.0 308.0 425.99492644245123
438.0 308.0 426.01927421186
439.0 308.0 425.9169808179737
440.0 308.0 425.9456115515219
441.0 308.0 425.8321853737695
441.0 308.0 425.86306014962133
442.0 308.0 425.7515246260932
443.0 308.0 425.7867189098316
445.0 308.0 425.6920806110797
443.0 308.0 425.7273986954563
444.0 308.0 425.6583442763741
444.0 308.0 425.695816282002
445.0 308.0 425.69143095530774
446.0 308.0 425.7330149283703
446.0 308.0 425.80717408117727
445.0 308.0 425.84642302125775
445.0 308.0 425.96714193940363
443.0 308.0 426.00188731976294
441.0 309.0 426.1278327681958
434.0 308.0 426.14372223464704
429.0 308.0 426.24347619876136
422.0 308.0 426.2350314087288
415.0 308.0 426.286239416465
406.0 307.0 426.2466304852157
399.0 307.0 426.24408740073824
393.0 308.0 426.180187244785
388.0 307.0 426.1395661748853
386.0 307.0 426.0630610602144
385.0 307.0 425.9929600404307
386.0 307.0 425.9167219069944
388.0 307.0 425.8477834500711
392.0 307.0 425.782773254156
395.0 307.0 425.7184190808396
398.0 307.0 425.66478360324805
400.0 307.0 425.6095381425513
402.0 308.0 425.5636262652155
404.0 308.0 425.5137246431887
406.0 308.0 425.4755903691773
407.0 308.0 425.43725944426507
407.0 307.0 425.40118241490586
410.0 307.0 425.370478627956
409.0 308.0 425.33836648014716
409.0 308.0 425.30560272752444
409.0 308.0 425.27361545245196
409.0 307.0 425.23267708316894
409.0 307.0 425.20083019674365
410.0 307.0 425.16166912102926
410.0 308.0 425.1318854191014
411.0 307.0 425.0884594961308
410.0 308.0 425.05881710652704
410.0 308.0 425.0092513433736
410.0 307.0 424.9797618710802
412.0 308.0 424.9278095001234
414.0 308.0 424.90623436235904
415.0 308.0 424.8599769335775
417.0 308.0 424.84440210505306
418.0 308.0 424.80594414433597
419.0 308.0 424.79441145099827
421.0 308.0 424.7617863583077
422.0 308.0 424.7562807069485
423.0 308.0 424.72144590687486
425.0 307.0 424.72200319738556
425.0 308.0 424.6972114847068
427.0 308.0 424.7018295227841
427.0 308.0 424.678980493438
428.0 308.0 424.68564845070995
429.0 308.0 424.6586416450838
429.0 308.0 424.6673686545742
429.0 308.0 424.6382782259147
430.0 308.0 424.64906923246633
431.0 308.0 424.62194903136884
432.0 308.0 424.6368330703308
433.0 308.0 424.6158159823592
432.0 308.0 424.6307125020516
432.0 308.0 424.607641592326
432.0 308.0 424.62255474715425
432.0 308.0 424.59536555277873
433.0 308.0 424.61234084750765
433.0 308.0 424.59127346072245
433.0 308.0 424.6082571029442
432.0 308.0 424.58103361810265
431.0 308.0 424.593968398045
431.0 308.0 424.56057207272255
431.0 308.0 424.573548398861
432.0 308.0 424.53802547020484
433.0 308.0 424.5551177409124
434.0 308.0 424.5195138450888
434.0 308.0 424.538686105283
435.0 308.0 424.5009589250141
436.0 308.0 424.52426785756313
436.0 308.0 424.4885664964044
436.0 308.0 424.5119008932494
437.0 308.0 424.471976598969
439.0 308.0 424.5015288547263
438.0 308.0 424.49864805957725
438.0 308.0 424.52607929313365
438.0 308.0 424.5734745253654
437.0 308.0 424.5986905302465
435.0 308.0 424.7078236516745
434.0 308.0 424.72661089223027
435.0 308.0 424.89731637057656
437.0 308.0 424.92186575887104
439.0 308.0 425.1335001925536
440.0 308.0 425.16375198269196
443.0 308.0 425.3911461872579
440.0 308.0 425.42086455650013
438.0 308.0 425.61871031845664
433.0 308.0 425.63360064731734
428.0 308.0 425.787955167277
421.0 308.0 425.7784329906812
412.0 308.0 425.87941315482504
401.0 307.0 425.8311050170008
391.0 307.0 425.87017365579766
383.0 307.0 425.78874104419435
377.0 307.0 425.7854583156006
374.0 307.0 425.6881746067184
372.0 307.0 425.6567835648688
373.0 307.0 425.55797254898187
375.0 307.0 425.5219546248295
378.0 307.0 425.4322084656967
381.0 307.0 425.4027397443086
385.0 307.0 425.32576456170625
387.0 307.0 425.2991567655537
389.0 307.0 425.2296508946666
391.0 307.0 425.196474684549
394.0 307.0 425.1363663579017
394.0 307.0 425.1105149250011
395.0 307.0 425.05242264925397
395.0 307.0 425.0262894144158
395.0 307.0 424.9683541159271
395.0 307.0 424.932188389464
395.0 307.0 424.87442850800045
396.0 307.0 424.83398148411726
396.0 307.0 424.7782668640193
398.0 307.0 424.73340453731646
399.0 307.0 424.6834939104651
403.0 307.0 424.63987335633965
402.0 307.0 424.59579837770417
403.0 307.0 424.5439543065907
404.0 307.0 424.5038586397066
404.0 307.0 424.44158056276865
406.0 307.0 424.40549713687733
408.0 307.0 424.344577721081
409.0 307.0 424.31444236556456
411.0 307.0 424.2530061489876
412.0 307.0 424.22885333272654
413.0 308.0 424.1649771677424
415.0 307.0 424.1468448544678
416.0 307.0 424.0824989690847
419.0 308.0 424.0723947629697
420.0 307.0 424.0054566329412
421.0 308.0 423.999466980797
422.0 308.0 423.9217797550645
423.0 308.0 423.9199381958815
423.0 307.0 423.8335992340383
423.0 307.0 423.8319336718271
424.0 308.0 423.7347380809285
426.0 308.0 423.73928069037925
427.0 308.0 423.65637425500137
428.0 308.0 423.6651059504429
429.0 308.0 423.59449783630856
431.0 308.0 423.6094380440549
431.0 308.0 423.54487663652606
433.0 308.0 423.5639975257576
435.0 308.0 423.50962776496505
436.0 308.0 423.53497612357825
437.0 308.0 423.4867649409605
439.0 308.0 423.51835851589715
442.0 308.0 423.4805113425811
440.0 308.0 423.5141933867152
440.0 308.0 423.465876662329
441.0 308.0 423.5016694181972
441.0 308.0 423.44910472048133
442.0 308.0 423.48701751057257
443.0 308.0 423.4407090350859
443.0 308.0 423.4807291955562
443.0 308.0 423.44489270070153
445.0 308.0 423.48909785258934
445.0 308.0 423.48651886846017
444.0 308.0 423.5285374092282
444.0 308.0 423.5746107851645
446.0 308.0 423.62064633348547
447.0 308.0 423.73975357230177
447.0 308.0 423.7875481889481
447.0 308.0 423.9578901084049
447.0 308.0 424.00522402442164
447.0 308.0 424.201647894197
447.0 308.0 424.2484672924582
447.0 308.0 424.43797566945017
448.0 308.0 424.4864049648705
447.0 308.0 424.6652837310967
446.0 308.0 424.7090227438075
446.0 308.0 424.867620547836
446.0 308.0 424.91093419680317
445.0 308.0 425.0509128999892
442.0 308.0 425.0854855202657
438.0 308.0 425.1922446256276
433.0 307.0 425.208003217249
427.0 308.0 425.2791703639986
419.0 307.0 425.2667045513909
412.0 307.0 425.29674892867286
402.0 307.0 425.2514291569165
395.0 307.0 425.2355070698423
391.0 308.0 425.16978726151274
388.0 307.0 425.13294631689996
388.0 307.0 425.0619178425656
390.0 307.0 425.0265558130369
391.0 307.0 424.96122176029195
394.0 307.0 424.9251543196132
396.0 307.0 424.86926930527704
399.0 307.0 424.8344366893936
400.0 307.0 424.786216819708
402.0 307.0 424.7429211866825
404.0 308.0 424.70244642572993
405.0 307.0 424.6606755737544
407.0 307.0 424.6260872815047
408.0 307.0 424.5778193091328
409.0 307.0 424.54723412124594
409.0 308.0 424.4905847165824
409.0 307.0 424.46016774251035
409.0 307.0 424.3951678766313
409.0 307.0 424.3649349321878
409.0 307.0 424.30381975999916
409.0 307.0 424.2737630351422
410.0 307.0 424.2204969825483
410.0 307.0 424.1925317588701
411.0 307.0 424.1430662893863
411.0 307.0 424.117186635958
413.0 307.0 424.0734849542972
415.0 307.0 424.0555317408323
417.0 307.0 424.01954571729425
419.0 308.0 424.00956592982664
423.0 308.0 423.98133017465915
423.0 308.0 423.97936978112506
425.0 308.0 423.95304500467677
426.0 308.0 423.9571487780339
427.0 307.0 423.9327658720896
429.0 307.0 423.94296078600007
430.0 308.0 423.9266606705156
432.0 307.0 423.94296078600007
433.0 308.0 423.9368548661789
434.0 308.0 423.95721953989647
435.0 308.0 423.9552453976721
437.0 308.0 423.98173545566794
438.0 308.0 423.98600007136207
439.0 308.0 424.0165586389286
441.0 308.0 424.02305491824904
442.0 308.0 424.05976937219594
442.0 308.0 424.0582233060774
443.0 308.0 424.096951179798
443.0 307.0 424.08523739592056
443.0 308.0 424.12390878138433
443.0 308.0 424.0977502930276
445.0 308.0 424.1405828260248
445.0 308.0 424.11657801067736
445.0 308.0 424.15937099161204
445.0 308.0 424.1312374881464
445.0 308.0 424.1739996746618
445.0 308.0 424.137533465961
445.0 308.0 424.1802824271774
446.0 308.0 424.14383879998064
447.0 308.0 424.19078019212066
449.0 308.0 424.16069666246347
450.0 308.0 424.2139460225229
453.0 308.0 424.20705232998307
451.0 308.0 424.2623268686486
453.0 308.0 424.29460499003204
454.0 308.0 424.35609103676126
455.0 308.0 424.45279401683456
458.0 308.0 424.52253414865976
460.0 309.0 424.6938446969145
460.0 308.0 424.76738575366164
461.0 308.0 424.9785141333029
462.0 308.0 425.0557751636837
462.0 309.0 425.27684487822654
461.0 308.0 425.35128541007134
462.0 308.0 425.5544185251194
462.0 309.0 425.63042419451176
462.0 309.0 425.8116474666193
460.0 308.0 425.8827632107221
460.0 308.0 426.0373853400835
459.0 308.0 426.1058553927651
458.0 309.0 426.2354717227432
456.0 308.0 426.297074819896
454.0 308.0 426.40101036851047
451.0 308.0 426.4516244546385
447.0 308.0 426.53320756338377
441.0 308.0 426.56263080584074
435.0 308.0 426.6136735418894
429.0 308.0 426.6184595162286
423.0 308.0 426.6454320033189
417.0 308.0 426.6263587731072
414.0 308.0 426.63565482027855
412.0 307.0 426.6068846139265
412.0 308.0 426.61618433607856
412.0 308.0 426.58745176106623
416.0 308.0 426.6025309803937
416.0 308.0 426.5815889135395
418.0 307.0 426.5927105347239
420.0 308.0 426.57962679903034
421.0 308.0 426.5828006044584
423.0 308.0 426.5756650349384
425.0 308.0 426.5728152771423
426.0 308.0 426.5716704142459
427.0 308.0 426.55872830994184
428.0 308.0 426.5616157133691
428.0 308.0 426.5425619023598
428.0 308.0 426.5454817484297
428.0 308.0 426.5121325336441
429.0 308.0 426.5171227512443
429.0 308.0 426.48163050983175
427.0 308.0 426.48266787760554
428.0 308.0 426.43892683083385
428.0 308.0 426.44205468035165
428.0 308.0 426.3941062769694
429.0 308.0 426.399333958204
431.0 308.0 426.35114001158524
431.0 308.0 426.36048831945016
432.0 308.0 426.3225137985831
433.0 308.0 426.3359731479388
434.0 308.0 426.3061362960746
434.0 308.0 426.32166259762124
435.0 308.0 426.2958953365157
437.0 308.0 426.3175717701535
437.0 308.0 426.2999992713553
437.0 308.0 426.32166728891457
438.0 308.0 426.31025423479025
442.0 308.0 426.342209967533
439.0 308.0 426.3328998364611
440.0 308.0 426.3606712631924
441.0 308.0 426.3514408351453
441.0 308.0 426.38124020646126
444.0 308.0 426.3741876518695
445.0 308.0 426.41225123112963
446.0 308.0 426.4114955381176
447.0 308.0 426.453664540475
446.0 309.0 426.4509406832388
444.0 308.0 426.4867594662231
442.0 308.0 426.47370098901825
441.0 308.0 426.5032473498883
441.0 308.0 426.486092122061
440.0 308.0 426.5135472643278
440.0 308.0 426.4922828547655
440.0 308.0 426.51972521795517
440.0 308.0 426.49434797862847
441.0 308.0 426.52385161910934
440.0 308.0 426.4922781559513
440.0 308.0 426.51972052884025
442.0 308.0 426.4901801302054
444.0 308.0 426.5259171492396
445.0 308.0 426.5416175509794
447.0 309.0 426.5835135117156
447.0 308.0 426.6613620140349
446.0 309.0 426.70091399011557
446.0 309.0 426.8384074238215
446.0 309.0 426.87758901118247
446.0 309.0 427.05813339473724
446.0 308.0 427.09685552576946
446.0 308.0 427.294131189627
449.0 308.0 427.3386432327411
446.0 308.0 427.5272237578658
445.0 308.0 427.5628819249866
445.0 308.0 427.7277428973811
446.0 308.0 427.7650663623667
447.0 308.0 427.91024099534866
445.0 308.0 427.94510161935494
443.0 308.0 428.06527979682613
439.0 308.0 428.0874279863869
434.0 308.0 428.174142367781
429.0 308.0 428.1757956727587
423.0 308.0 428.23486335934024
418.0 308.0 428.21463776942517
415.0 308.0 428.2465249973953
413.0 308.0 428.21657371007956
410.0 308.0 428.23299381760387
410.0 308.0 428.1973026538117
410.0 308.0 428.2039481864746
411.0 308.0 428.17023016552656
413.0 308.0 428.1708333423122
416.0 308.0 428.1468369613397
418.0 308.0 428.1412966999093
419.0 308.0 428.1232089013629
420.0 308.0 428.1175648097111
421.0 308.0 428.1034477786882
422.0 308.0 428.0937192542421
423.0 308.0 428.08359230412
423.0 308.0 428.06576199596526
423.0 308.0 428.0556903020914
424.0 308.0 428.0276642493163
425.0 308.0 428.0216302945448
425.0 308.0 427.9873975070407
428.0 308.0 427.987422712397
426.0 308.0 427.944895596775
427.0 308.0 427.9430078877326
426.0 308.0 427.89217265900726
427.0 308.0 427.890390170193
427.0 308.0 427.8393823319077
428.0 308.0 427.83970362742167
428.0 308.0 427.78646369074613
429.0 308.0 427.7888941989962
429.0 308.0 427.7354851898322
430.0 308.0 427.74002618412976
431.0 308.0 427.69054280028405
433.0 308.0 427.7012274941469
434.0 308.0 427.65359954337436
435.0 308.0 427.66841828687797
435.0 308.0 427.6289689323448
437.0 308.0 427.64791593085073
438.0 309.0 427.6145605856397
439.0 308.0 427.6376339846623
440.0 308.0 427.6063029243152
442.0 308.0 427.6355738242552
443.0 308.0 427.60837204114625
445.0 308.0 427.6438611742252
446.0 308.0 427.6249995972653
446.0 308.0 427.6625375222852
445.0 308.0 427.63748389876974
446.0 309.0 427.6749957619688
445.0 308.0 427.6416546239843
445.0 308.0 427.6770744381793
445.0 308.0 427.6395669233575
448.0 308.0 427.68125514219116
447.0 308.0 427.65210703245526
448.0 309.0 427.6937689515712
448.0 309.0 427.66882660593933
449.0 308.0 427.712550669255
449.0 309.0 427.68766580176
449.0 309.0 427.731350265561
450.0 309.0 427.70234813149483
450.0 308.0 427.7481034440714
450.0 309.0 427.7086618234398
451.0 309.0 427.7565101783958
449.0 308.0 427.7086665088909
449.0 309.0 427.7523068318861
449.0 309.0 427.71076792851966
450.0 309.0 427.7565055028386
451.0 309.0 427.74421120623117
451.0 309.0 427.7919844971385
451.0 309.0 427.828808027178
450.0 309.0 427.8742969611519
449.0 309.0 427.96649008218685
445.0 309.0 428.00123364308195
440.0 309.0 428.12473366432624
435.0 309.0 428.13859438270686
430.0 308.0 428.26069215009886
424.0 308.0 428.2522130707558
417.0 308.0 428.35619764878885
410.0 308.0 428.320270358525
404.0 308.0 428.3864001291723
400.0 308.0 428.3315047950594
397.0 307.0 428.3657577875358
398.0 308.0 428.30717481732665
398.0 308.0 428.3261287209668
401.0 308.0 428.2732165335582
401.0 308.0 428.28621056054635
403.0 308.0 428.23712823621446
405.0 308.0 428.2459985458604
408.0 308.0 428.2064618849183
410.0 308.0 428.22286679636176
412.0 308.0 428.1910344694293
414.0 308.0 428.21122791377485
416.0 308.0 428.1871530067197
417.0 308.0 428.21317710936944
418.0 308.0 428.1929938707545
417.0 308.0 428.21317710936944
419.0 308.0 428.19494859234385
419.0 308.0 428.2151356559103
421.0 308.0 428.2008267156896
421.0 308.0 428.2151356559103
421.0 308.0 428.2008267156896
421.0 308.0 428.2131630695769
420.0 308.0 428.196893963513
419.0 308.0 428.1993640709682
419.0 308.0 428.1811625935919
419.0 308.0 428.17367199160384
419.0 308.0 428.1555208099038
421.0 308.0 428.1399182266918
421.0 308.0 428.1257572256077
422.0 308.0 428.10402487272233
423.0 308.0 428.093877554912
423.0 308.0 428.06799742662577
425.0 308.0 428.06188337669124
425.0 308.0 428.03179839923314
426.0 308.0 428.0277444278583
427.0 308.0 427.9995481615055
432.0 308.0 428.0075863813631
430.0 308.0 427.9853676820036
430.0 308.0 427.9894064109531
431.0 308.0 427.9691661959175
431.0 308.0 427.97524928434825
432.0 308.0 427.9590352729376
433.0 308.0 427.96917646017454
434.0 308.0 427.9570053133768
433.0 309.0 427.9671506085485
435.0 309.0 427.95497534418695
435.0 309.0 427.96918113340826
435.0 308.0 427.95293599981494
435.0 309.0 427.96714593529254
435.0 309.0 427.9488572819161
435.0 308.0 427.96307551002576
435.0 308.0 427.93864158536076
435.0 308.0 427.9528805838325
436.0 308.0 427.92225100573074
437.0 308.0 427.9405986816395
437.0 308.0 427.90580359876753
438.0 309.0 427.92622962375185
440.0 308.0 427.89135773938705
440.0 308.0 427.91591697435143
440.0 308.0 427.8747920541133
441.0 309.0 427.90144426024085
442.0 308.0 427.8644247093508
443.0 308.0 427.8952301673857
443.0 309.0 427.85401964250434
445.0 309.0 427.88899728784804
447.0 309.0 427.8561109805571
449.0 309.0 427.8994414579201
452.0 309.0 427.8833489639919
456.0 309.0 427.94142589845166
455.0 309.0 427.9585693430479
455.0 309.0 428.0143572358292
453.0 309.0 428.07587634883566
449.0 308.0 428.11874520978404
446.0 309.0 428.2243830569308
440.0 309.0 428.24825743953704
435.0 308.0 428.38621534661684
427.0 308.0 428.38344739263675
420.0 308.0 428.52463724908387
413.0 308.0 428.49414931828414
407.0 308.0 428.6158128558256
404.0 308.0 428.5679922719381
402.0 308.0 428.66399620598713
402.0 308.0 428.61232366790387
402.0 308.0 428.68451666658
404.0 308.0 428.63656633563124
407.0 308.0 428.7014881381493
410.0 308.0 428.6648994261135
413.0 308.0 428.7263025345773
416.0 308.0 428.70122696348795
419.0 308.0 428.76677798052356
423.0 308.0 428.7553218328607
426.0 308.0 428.82525368312065
429.0 308.0 428.82560324682106
430.0 308.0 428.90557700731284
432.0 309.0 428.91178813364405
432.0 308.0 428.9959452513324
433.0 309.0 429.00399065742965
433.0 308.0 429.08650930194705
432.0 308.0 429.0923560260658
432.0 308.0 429.17109835510433
433.0 309.0 429.17879024947166
430.0 309.0 429.255582036412
430.0 309.0 429.2570721607275
429.0 308.0 429.32047253336583
430.0 308.0 429.32183266169915
432.0 309.0 429.37977360369445
433.0 309.0 429.38704451811304
433.0 308.0 429.43739351609776
434.0 309.0 429.4465671070151
433.0 309.0 429.48527005520083
432.0 308.0 429.4903142097619
431.0 309.0 429.51520417936604
432.0 309.0 429.5201881169266
433.0 309.0 429.54123590953805
435.0 308.0 429.5522226691418
436.0 309.0 429.5734450468031
437.0 308.0 429.58842628730116
438.0 309.0 429.60780455138723
440.0 309.0 429.62883981408885
440.0 309.0 429.65038916987805
440.0 309.0 429.6713371869248
443.0 308.0 429.69111569803215
444.0 309.0 429.72020897323415
445.0 308.0 429.74019508365876
447.0 309.0 429.77540646249173
446.0 309.0 429.79959444229996
447.0 309.0 429.83468217443783
448.0 309.0 429.8611371063785
449.0 309.0 429.9002651778666
449.0 309.0 429.9269220654055
449.0 309.0 429.9659126023829
449.0 309.0 429.99873933729543
451.0 309.0 430.0417654135468
448.0 308.0 430.07465912891183
447.0 309.0 430.1091745127044
447.0 309.0 430.1340775261809
447.0 309.0 430.1684693233571
449.0 309.0 430.1916080530611
449.0 309.0 430.23004544080834
448.0 309.0 430.24513914688106
448.0 309.0 430.28138002939426
446.0 309.0 430.29038291281216
443.0 309.0 430.3161767816776
440.0 309.0 430.30472494805963
438.0 308.0 430.32025283502514
437.0 309.0 430.30268742550425
437.0 309.0 430.31618607716814
439.0 309.0 430.304729605243
441.0 309.0 430.3263854331965
444.0 309.0 430.337412476715
444.0 309.0 430.36517052382385
445.0 309.0 430.3722604503342
443.0 309.0 430.3978856825391
442.0 308.0 430.38458124745955
437.0 309.0 430.3979135637161
432.0 309.0 430.3560463770744
425.0 309.0 430.34540081195246
421.0 309.0 430.3060615576156
415.0 308.0 430.2759928232111
410.0 308.0 430.25925446421746
406.0 308.0 430.21210117801195
403.0 308.0 430.25156923089924
401.0 308.0 430.19505111053985
401.0 308.0 430.3028760422832
405.0 308.0 430.2537553583931
403.0 308.0 430.406321053031
405.0 309.0 430.3570052874706
407.0 308.0 430.5277369282136
409.0 308.0 430.48575586191004
413.0 308.0 430.6541908122203
416.0 309.0 430.6253801159425
419.0 308.0 430.782677728413
421.0 308.0 430.76333409425644
422.0 308.0 430.9088103132857
423.0 308.0 430.89313756429215
422.0 308.0 431.02249451921085
420.0 308.0 431.000730857849
402.0 308.0 431.0846598615356
381.0 307.0 430.99029919477306
365.0 307.0 431.00640487362153
355.0 307.0 430.86777322050904
349.0 307.0 430.8570710006539
345.0 307.0 430.7024378849045
342.0 307.0 430.67646608199266
342.0 307.0 430.5173422755464
345.0 307.0 430.4865379063987
348.0 307.0 430.33734441714444
352.0 307.0 430.3026059244014
357.0 307.0 430.1684669986865
362.0 307.0 430.146253731447
366.0 307.0 430.027510747859
370.0 307.0 430.01299789275373
375.0 307.0 429.90999755762834
377.0 307.0 429.8941637007508
381.0 308.0 429.8019264731139
383.0 307.0 429.78503271833165
388.0 307.0 429.7055177676917
388.0 307.0 429.68778803961925
391.0 308.0 429.613889440274
393.0 308.0 429.5914986489174
395.0 307.0 429.5250958907989
399.0 308.0 429.50188793937446
402.0 308.0 429.4486418653574
405.0 308.0 429.42866457179105
408.0 308.0 429.38687450829235
411.0 308.0 429.37622417149225
415.0 308.0 429.34795213206735
418.0 308.0 429.34284500514764
422.0 308.0 429.3282846494044
425.0 308.0 429.32696547802954
426.0 308.0 429.3203372774227
427.0 308.0 429.31296888226075
428.0 308.0 429.31034695194575
429.0 308.0 429.29890647683277
431.0 308.0 429.30231539091426
431.0 308.0 429.2807028550053
431.0 308.0 429.28414832136536
433.0 308.0 429.25633367488007
433.0 308.0 429.2638535912382
434.0 308.0 429.225709177395
436.0 308.0 429.2393644576415
436.0 308.0 429.20729234205606
436.0 308.0 429.2209850415052
437.0 309.0 429.1867945419785
437.0 308.0 429.20256290008336
437.0 308.0 429.1621398545882
436.0 308.0 429.1759243014454
435.0 308.0 429.12722630090184
438.0 308.0 429.14515493012385
436.0 308.0 429.09635440390946
437.0 308.0 429.11230697802176
436.0 308.0 429.0613560955929
436.0 308.0 429.07534536489044
435.0 308.0 429.01395308764467
433.0 308.0 429.0219621417999
430.0 308.0 428.95035238313915
425.0 308.0 428.9424879864432
419.0 308.0 428.8488856619158
414.0 308.0 428.8197010399592
408.0 308.0 428.7024721403394
403.0 308.0 428.65260526444956
399.0 308.0 428.5221937555652
397.0 308.0 428.46146384476634
396.0 307.0 428.32712060350434
397.0 308.0 428.26675332087126
397.0 308.0 428.14421277633517
399.0 308.0 428.08790452429275
400.0 308.0 428.0034601774239
401.0 308.0 427.95115375472466
403.0 307.0 427.92226271351166
405.0 308.0 427.8776437253996
407.0 307.0 427.9183429305559
409.0 308.0 427.8813410280939
409.0 308.0 427.9784142291433
410.0 308.0 427.94321118578335
410.0 308.0 428.06061226834584
411.0 308.0 428.02716969837326
412.0 307.0 428.1394524936509
413.0